0.400000000000000E-24 3.2910573174185E-01 6.6170634E-49 1.36652351E+00  -0.76400394236 -1.1448730E+23 -5.3579629E-01  2.1665019E-01  2.7910662E+24 -1.2498069E-01  2.9106677E+23  2.9106677E+23
0.686916166196899E-02 3.2461662200658E-01 1.9248110E-04 1.36648942E+00  -0.76387291020 -7.3417534E+00 -5.3353096E-01  2.1664867E-01  1.6449530E+02 -1.2497368E-01  1.9547499E+01  1.9422525E+01
0.139122169793125E-01 3.2008018463676E-01 7.7850488E-04 1.36639196E+00  -0.76374280337 -3.9634875E+00 -5.3122053E-01  2.1664399E-01  8.2175702E+01 -1.2495400E-01  1.0926832E+01  1.0801878E+01
0.211335680908748E-01 3.1549758799219E-01 1.7707268E-03 1.36622212E+00  -0.76352763033 -2.8354151E+00 -5.2886443E-01  2.1663596E-01  5.4714133E+01 -1.2491957E-01  8.0264922E+00  7.9015726E+00
0.285377285761755E-01 3.1087008736533E-01 3.1814683E-03 1.36597792E+00  -0.76324187762 -2.2698422E+00 -5.2646208E-01  2.1662439E-01  4.0966729E+01 -1.2487009E-01  6.5558846E+00  6.4310145E+00
0.361293262765438E-01 3.0619902661582E-01 5.0226556E-03 1.36565559E+00  -0.76288481907 -1.9292293E+00 -5.2401293E-01  2.1660909E-01  3.2704767E+01 -1.2480481E-01  5.6569431E+00  5.5321382E+00
0.439131061876699E-01 3.0148583967159E-01 7.3057549E-03 1.36525115E+00  -0.76245387592 -1.7010626E+00 -5.2151642E-01  2.1658985E-01  2.7185373E+01 -1.2472294E-01  5.0436762E+00  4.9189533E+00
0.518939334253818E-01 2.9673205188099E-01 1.0041706E-02 1.36476060E+00  -0.76194600359 -1.5371217E+00 -5.1897202E-01  2.1656645E-01  2.3233046E+01 -1.2462370E-01  4.5935369E+00  4.4689132E+00
0.600767962665010E-01 2.9193928120047E-01 1.3240852E-02 1.36417976E+00  -0.76135782965 -1.4132957E+00 -5.1637922E-01  2.1653868E-01  2.0260055E+01 -1.2450627E-01  4.2452665E+00  4.1207602E+00
0.684668092666780E-01 2.8710923920215E-01 1.6912866E-02 1.36350445E+00  -0.76068589490 -1.3161895E+00 -5.1373749E-01  2.1650630E-01  1.7939892E+01 -1.2436981E-01  3.9648444E+00  3.8404746E+00
0.770692164571560E-01 2.8224373188556E-01 2.1066678E-02 1.36273029E+00  -0.75992657967 -1.2377659E+00 -5.1104636E-01  2.1646908E-01  1.6076663E+01 -1.2421349E-01  3.7318683E+00  3.6076548E+00
0.858893946224612E-01 2.7734466027710E-01 2.5710395E-02 1.36185291E+00  -0.75907623170 -1.1729099E+00 -5.0830534E-01  2.1642677E-01  1.4545716E+01 -1.2403646E-01  3.5333631E+00  3.4093267E+00
0.949328566610681E-01 2.7241402080087E-01 3.0851225E-02 1.36086777E+00  -0.75813108694 -1.1182113E+00 -5.0551400E-01  2.1637912E-01  1.3263960E+01 -1.2383782E-01  3.3606865E+00  3.2368487E+00
0.104205255031140     2.6745390540447E-01 3.6495393E-02 1.35977032E+00  -0.75708736351 -1.0713091E+00 -5.0267189E-01  2.1632587E-01  1.2173873E+01 -1.2361671E-01  3.2078619E+00  3.0842452E+00
0.113712385283501     2.6246650142266E-01 4.2648060E-02 1.35855586E+00  -0.75594119740 -1.0305167E+00 -4.9977860E-01  2.1626674E-01  1.1234378E+01 -1.2337223E-01  3.0706265E+00  2.9472543E+00
0.123460189684043     2.5745409116248E-01 4.9313240E-02 1.35721969E+00  -0.75468871494 -9.9459713E-01 -4.9683376E-01  2.1620145E-01  1.0415355E+01 -1.2310347E-01  2.9458600E+00  2.8227566E+00
0.133454760927832     2.5241905119315E-01 5.6493715E-02 1.35575700E+00  -0.75332598410 -9.6262253E-01 -4.9383700E-01  2.1612971E-01  9.6942215E+00 -1.2280954E-01  2.8312277E+00  2.7084181E+00
0.143702345947248     2.4736385132416E-01 6.4190952E-02 1.35416293E+00  -0.75184907455 -9.3388331E-01 -4.9078799E-01  2.1605123E-01  9.0537127E+00 -1.2248951E-01  2.7249490E+00  2.6024594E+00
0.154209349816515     2.4229105325565E-01 7.2405016E-02 1.35243257E+00  -0.75025402101 -9.0782748E-01 -4.8768642E-01  2.1596569E-01  8.4804055E+00 -1.2214246E-01  2.6256439E+00  2.5035015E+00
0.164982339755082     2.3720330888523E-01 8.1134492E-02 1.35056097E+00  -0.74853686980 -8.8401923E-01 -4.8453202E-01  2.1587277E-01  7.9637075E+00 -1.2176747E-01  2.5322278E+00  2.4104603E+00
0.176028049232354     2.3210335825671E-01 9.0376401E-02 1.34854314E+00  -0.74669366005 -8.6210984E-01 -4.8132455E-01  2.1577215E-01  7.4951493E+00 -1.2136363E-01  2.4438370E+00  2.3224733E+00
0.187353382176320     2.2699402713557E-01 1.0012612E-01 1.34637406E+00  -0.74472045788 -8.4181705E-01 -4.7806380E-01  2.1566349E-01  7.0678792E+00 -1.2093002E-01  2.3597767E+00  2.2388467E+00
0.198965417288742     2.2187822419875E-01 1.1037729E-01 1.34404870E+00  -0.74261334615 -8.2290987E-01 -4.7474960E-01  2.1554644E-01  6.6762954E+00 -1.2046573E-01  2.2794827E+00  2.1590170E+00
0.210871412469568     2.1675893782589E-01 1.2112179E-01 1.34156203E+00  -0.74036845552 -8.0519751E-01 -4.7138183E-01  2.1542065E-01  6.3157746E+00 -1.1996986E-01  2.2024926E+00  2.0825228E+00
0.223078809353361     2.1163923248131E-01 1.3234961E-01 1.33890899E+00  -0.73798196119 -7.8852103E-01 -4.6796038E-01  2.1528573E-01  5.9824677E+00 -1.1944152E-01  2.1284250E+00  2.0089835E+00
0.235595237960556     2.0652224467695E-01 1.4404882E-01 1.33608458E+00  -0.73545010809 -7.7274692E-01 -4.6448520E-01  2.1514132E-01  5.6731456E+00 -1.1887982E-01  2.0569631E+00  1.9380833E+00
0.248428521466478     2.0141117850865E-01 1.5620551E-01 1.33308381E+00  -0.73276921639 -7.5776231E-01 -4.6095629E-01  2.1498703E-01  5.3850796E+00 -1.1828392E-01  1.9878425E+00  1.8695586E+00
0.261586681091077     1.9630930075953E-01 1.6880371E-01 1.32990172E+00  -0.72993570125 -7.4347107E-01 -4.5737368E-01  2.1482245E-01  5.1159489E+00 -1.1765298E-01  1.9208414E+00  1.8031884E+00
0.275077941112452     1.9121993556645E-01 1.8182540E-01 1.32653343E+00  -0.72694608610 -7.2979093E-01 -4.5373747E-01  2.1464718E-01  4.8637679E+00 -1.1698618E-01  1.8557729E+00  1.7387867E+00
0.288910734007294     1.8614645864800E-01 1.9525043E-01 1.32297410E+00  -0.72379701651 -7.1665104E-01 -4.5004778E-01  2.1446079E-01  4.6268280E+00 -1.1628274E-01  1.7924794E+00  1.6761966E+00
0.303093705721459     1.8109229109454E-01 2.0905649E-01 1.31921900E+00  -0.72048528388 -7.0399011E-01 -4.4630481E-01  2.1426285E-01  4.4036521E+00 -1.1554190E-01  1.7308271E+00  1.6152852E+00
0.317635721073963     1.7606089272366E-01 2.2321914E-01 1.31526348E+00  -0.71700782980 -6.9175486E-01 -4.4250879E-01  2.1405292E-01  4.1929567E+00 -1.1476295E-01  1.6707029E+00  1.5559399E+00
0.332545869297783     1.7105575500751E-01 2.3771176E-01 1.31110301E+00  -0.71336178110 -6.7989884E-01 -4.3866001E-01  2.1383054E-01  3.9936220E+00 -1.1394521E-01  1.6120103E+00  1.4980651E+00
0.347833469720926     1.6608039358099E-01 2.5250557E-01 1.30673320E+00  -0.70954444835 -6.6838133E-01 -4.3475884E-01  2.1359526E-01  3.8046670E+00 -1.1308804E-01  1.5546678E+00  1.4415798E+00
0.363508077591311     1.6113834034336E-01 2.6756967E-01 1.30214981E+00  -0.70555336503 -6.5716661E-01 -4.3080569E-01  2.1334659E-01  3.6252291E+00 -1.1219086E-01  1.4986060E+00  1.3864151E+00
0.379579490049107     1.5623313516939E-01 2.8287104E-01 1.29734875E+00  -0.70138628522 -6.4622317E-01 -4.2680102E-01  2.1308405E-01  3.4545469E+00 -1.1125314E-01  1.4437661E+00  1.3325129E+00
0.396057752250271     1.5136831724903E-01 2.9837462E-01 1.29232612E+00  -0.69704122699 -6.3552319E-01 -4.2274538E-01  2.1280714E-01  3.2919467E+00 -1.1027439E-01  1.3900983E+00  1.2798239E+00
0.412953163645089     1.4654741607917E-01 3.1404337E-01 1.28707822E+00  -0.69251646476 -6.2504207E-01 -4.1863936E-01  2.1251534E-01  3.1368302E+00 -1.0925421E-01  1.3375608E+00  1.2283066E+00
0.430276284415678     1.4177394213391E-01 3.2983831E-01 1.28160157E+00  -0.68781058103 -6.1475799E-01 -4.1448363E-01  2.1220816E-01  2.9886647E+00 -1.0819224E-01  1.2861186E+00  1.1779263E+00
0.448037942076433     1.3705137724440E-01 3.4571869E-01 1.27589293E+00  -0.68292245039 -6.0465159E-01 -4.1027893E-01  2.1188504E-01  2.8469746E+00 -1.0708820E-01  1.2357422E+00  1.1286540E+00
0.466249238241584     1.3238316472259E-01 3.6164203E-01 1.26994933E+00  -0.67785129994 -5.9470567E-01 -4.0602606E-01  2.1154545E-01  2.7113342E+00 -1.0594188E-01  1.1864077E+00  1.0804658E+00
0.484921555564062     1.2777269926759E-01 3.7756429E-01 1.26376802E+00  -0.67259668669 -5.8490496E-01 -4.0172590E-01  2.1118884E-01  2.5813620E+00 -1.0475317E-01  1.1380951E+00  1.0333419E+00
0.504066564850029     1.2322331669685E-01 3.9344003E-01 1.25734660E+00  -0.66715856124 -5.7523586E-01 -3.9737938E-01  2.1081464E-01  2.4567146E+00 -1.0352201E-01  1.0907887E+00  9.8726664E-01
0.523696232353511     1.1873828354877E-01 4.0922252E-01 1.25068295E+00  -0.66153724450 -5.6568635E-01 -3.9298753E-01  2.1042228E-01  2.3370829E+00 -1.0224846E-01  1.0444757E+00  9.4222727E-01
0.543822827255699     1.1432078660573E-01 4.2486400E-01 1.24377529E+00  -0.65573348894 -5.5624573E-01 -3.8855145E-01  2.1001118E-01  2.2221880E+00 -1.0093264E-01  9.9914665E-01  8.9821401E-01
0.564458929333581     1.0997392239249E-01 4.4031580E-01 1.23662215E+00  -0.64974845657 -5.4690454E-01 -3.8407229E-01  2.0958073E-01  2.1117776E+00 -9.9574806E-02  9.5479426E-01  8.5521945E-01
0.585617436822720     1.0570068670462E-01 4.5552862E-01 1.22922248E+00  -0.64358377851 -5.3765446E-01 -3.7955131E-01  2.0913034E-01  2.0056233E+00 -9.8175281E-02  9.1141354E-01  8.1323826E-01
0.607311574479063     1.0150396422915E-01 4.7045272E-01 1.22157553E+00  -0.63724152830 -5.2848815E-01 -3.7498981E-01  2.0865938E-01  1.9035176E+00 -9.6734502E-02  8.6900136E-01  7.7226686E-01
0.629554901844850     9.7386518317567E-02 4.8503818E-01 1.21368102E+00  -0.63072428762 -5.1939921E-01 -3.7038920E-01  2.0816723E-01  1.8052723E+00 -9.5253021E-02  8.2755620E-01  7.3230317E-01
0.652361321723767     9.3350980977928E-02 4.9923515E-01 1.20553900E+00  -0.62403510309 -5.1038205E-01 -3.6575095E-01  2.0765326E-01  1.7107157E+00 -9.3731492E-02  7.8707781E-01  6.9334632E-01
0.675745088870648     8.9399843151933E-02 5.1299416E-01 1.19715000E+00  -0.61717757895 -5.0143190E-01 -3.6107659E-01  2.0711681E-01  1.6196917E+00 -9.2170689E-02  7.4756711E-01  6.5539643E-01
0.699720818901169     8.5535445343220E-02 5.2626632E-01 1.18851492E+00  -0.61015577783 -4.9254466E-01 -3.5636776E-01  2.0655723E-01  1.5320573E+00 -9.0571499E-02  7.0902604E-01  6.1845454E-01
0.724303497427073     8.1759968672696E-02 5.3900370E-01 1.17963516E+00  -0.60297437223 -4.8371690E-01 -3.5162616E-01  2.0597386E-01  1.4476821E+00 -8.8934933E-02  6.7145716E-01  5.8252223E-01
0.749508489422674     7.8075426418667E-02 5.5115956E-01 1.17051252E+00  -0.59563851422 -4.7494578E-01 -3.4685354E-01  2.0536601E-01  1.3664463E+00 -8.7262116E-02  6.3486362E-01  5.4760150E-01
0.775351548828460     7.4483656121985E-02 5.6268867E-01 1.16114927E+00  -0.58815395341 -4.6622905E-01 -3.4205176E-01  2.0473302E-01  1.2882402E+00 -8.5554303E-02  5.9924895E-01  5.1369465E-01
0.801848828397824     7.0986312316929E-02 5.7354761E-01 1.15154816E+00  -0.58052696202 -4.5756495E-01 -3.3722273E-01  2.0407417E-01  1.2129628E+00 -8.3812866E-02  5.6461716E-01  4.8080429E-01
0.829016889793056     6.7584859955813E-02 5.8369509E-01 1.14171238E+00  -0.57276439830 -4.4895222E-01 -3.3236844E-01  2.0338878E-01  1.1405213E+00 -8.2039309E-02  5.3097224E-01  4.4893293E-01
0.856872713936923     6.4280568591171E-02 5.9309218E-01 1.13164559E+00  -0.56487365659 -4.4039005E-01 -3.2749094E-01  2.0267615E-01  1.0708296E+00 -8.0235253E-02  4.9831808E-01  4.1808283E-01
0.885433711626300     6.1074507373220E-02 6.0170268E-01 1.12135195E+00  -0.55686270572 -4.3187804E-01 -3.2259235E-01  2.0193554E-01  1.0038085E+00 -7.8402448E-02  4.6665877E-01  3.8825632E-01
0.914717734414481     5.7967540921452E-02 6.0949331E-01 1.11083605E+00  -0.54874004907 -4.2341619E-01 -3.1767487E-01  2.0116625E-01  9.3938443E-01 -7.6542762E-02  4.3599803E-01  3.5945527E-01
0.944743085768985     5.4960326116861E-02 6.1643404E-01 1.10010297E+00  -0.54051474504 -4.1500486E-01 -3.1274072E-01  2.0036755E-01  8.7748872E-01 -7.4658190E-02  4.0633914E-01  3.3168095E-01
0.975528532511817     5.2053309864146E-02 6.2249830E-01 1.08915822E+00  -0.53219636529 -4.0664474E-01 -3.0779222E-01  1.9953872E-01  8.1805763E-01 -7.2750840E-02  3.7768516E-01  3.0493432E-01
 1.00709331654934     4.9246727857916E-02 6.2766321E-01 1.07800779E+00  -0.52379501032 -3.9833686E-01 -3.0283172E-01  1.9867901E-01  7.6103137E-01 -7.0822942E-02  3.5003852E-01  2.7921558E-01
 1.03945716689910     4.6540604387277E-02 6.3190978E-01 1.06665808E+00  -0.51532127886 -3.9008251E-01 -2.9786164E-01  1.9778769E-01  7.0635389E-01 -6.8876831E-02  3.2340111E-01  2.5452428E-01
 1.07264031202111     4.3934753199393E-02 6.3522310E-01 1.05511594E+00  -0.50678577380 -3.8188326E-01 -2.9288442E-01  1.9686403E-01  6.5397229E-01 -6.6914956E-02  2.9777451E-01  2.3085955E-01
 1.10666349246125     4.1428779492282E-02 6.3759246E-01 1.04338863E+00  -0.49820189079 -3.7374095E-01 -2.8790258E-01  1.9590729E-01  6.0383649E-01 -6.4939863E-02  2.7315719E-01  2.0821733E-01
 1.14154797381486     3.9022082660836E-02 6.3901146E-01 1.03148379E+00  -0.48957793150 -3.6565758E-01 -2.8291865E-01  1.9491675E-01  5.5589890E-01 -6.2954199E-02  2.4955229E-01  1.8659809E-01
 1.17731556001837     3.6713860933833E-02 6.3947812E-01 1.01940945E+00  -0.48092970004 -3.5763543E-01 -2.7793520E-01  1.9389166E-01  5.1011402E-01 -6.0960697E-02  2.2695483E-01  1.6599414E-01
 1.21398860697749     3.4503115983550E-02 6.3899492E-01 1.00717400E+00  -0.47226796341 -3.4967691E-01 -2.7295485E-01  1.9283132E-01  4.6643812E-01 -5.8962177E-02  2.0536421E-01  1.4640203E-01
 1.25159003654038     3.2388659390391E-02 6.3756876E-01 9.94786151E-01  -0.46360601174 -3.4178460E-01 -2.6798023E-01  1.9173501E-01  4.2482895E-01 -5.6961528E-02  1.8477644E-01  1.2781491E-01
 1.29014335082454     3.0369119780348E-02 6.3521099E-01 9.82254944E-01  -0.45495691868 -3.3396123E-01 -2.6301400E-01  1.9060203E-01  3.8524530E-01 -5.4961710E-02  1.6518667E-01  1.1022496E-01
 1.32967264690642     2.8442950976330E-02 6.3193729E-01 9.69589685E-01  -0.44633393794 -3.2620964E-01 -2.5805883E-01  1.8943169E-01  3.4764758E-01 -5.2965732E-02  1.4658954E-01  9.3623805E-02
 1.37020263188286     2.6608441052227E-02 6.2776759E-01 9.56799948E-01  -0.43775044273 -3.1853275E-01 -2.5311739E-01  1.8822333E-01  3.1199559E-01 -5.0976654E-02  1.2897705E-01  7.8000395E-02
 1.41175863831384     2.4863722224314E-02 6.2272588E-01 9.43895528E-01  -0.42921982574 -3.1093358E-01 -2.4819240E-01  1.8697632E-01  2.7825110E-01 -4.8997565E-02  1.1234144E-01  6.3343876E-02
 1.45436664005612     2.3206781509515E-02 6.1684008E-01 9.30886421E-01  -0.42075544343 -3.0341517E-01 -2.4328654E-01  1.8569003E-01  2.4637466E-01 -4.7031578E-02  9.6672126E-02  4.9640548E-02
 1.49805326849782     2.1635472066874E-02 6.1014176E-01 9.17782790E-01  -0.41237054771 -2.9598061E-01 -2.3840250E-01  1.8436388E-01  2.1632763E-01 -4.5081813E-02  8.1957880E-02  3.6876067E-02
 1.54284582920383     2.0147525131165E-02 6.0266592E-01 9.04594930E-01  -0.40407816859 -2.8863299E-01 -2.3354297E-01  1.8299735E-01  1.8807089E-01 -4.3151387E-02  6.8185771E-02  2.5034384E-02
 1.58877231898271     1.8740562446768E-02 5.9445066E-01 8.91333241E-01  -0.39589106022 -2.8137537E-01 -2.2871063E-01  1.8158991E-01  1.6156494E-01 -4.1243397E-02  5.5341335E-02  1.4097938E-02
 1.63586144338560     1.7412109096309E-02 5.8553691E-01 8.78008189E-01  -0.38782157067 -2.7421080E-01 -2.2390813E-01  1.8014114E-01  1.3676969E-01 -3.9360906E-02  4.3408606E-02  4.0476999E-03
 1.68414263464814     1.6159606621208E-02 5.7596804E-01 8.64630281E-01  -0.37988165084 -2.6714223E-01 -2.1913810E-01  1.7865064E-01  1.1364420E-01 -3.7506926E-02  3.2369907E-02 -5.1370183E-03
 1.73364607008656     1.4980426319582E-02 5.6578954E-01 8.51210021E-01  -0.37208171497 -2.6017256E-01 -2.1440316E-01  1.7711810E-01  9.2146637E-02 -3.5684408E-02  2.2206956E-02 -1.3477452E-02
 1.78440269095947     1.3871882695988E-02 5.5504860E-01 8.37757896E-01  -0.36443604866 -2.5330459E-01 -2.0970589E-01  1.7554326E-01  7.2234136E-02 -3.3896218E-02  1.2895381E-02 -2.1000838E-02
 1.83644422180719     1.2831246400560E-02 5.4379373E-01 8.24284317E-01  -0.35694757419 -2.4654092E-01 -2.0504882E-01  1.7392595E-01  5.3862597E-02 -3.2145126E-02  4.4197964E-03 -2.7725329E-02
 1.88980319028060     1.1855758186199E-02 5.3207439E-01 8.10799619E-01  -0.34963206437 -2.3988411E-01 -2.0043444E-01  1.7226612E-01  3.6986552E-02 -3.0433789E-02 -3.2505078E-03 -3.3684296E-02
 1.94451294747197     1.0942641050751E-02 5.1994056E-01 7.97314002E-01  -0.34249397113 -2.3333650E-01 -1.9586523E-01  1.7056377E-01  2.1559230E-02 -2.8764730E-02 -1.0137319E-02 -3.8902049E-02
 2.00060768876051     1.0089113183538E-02 5.0744237E-01 7.83837529E-01  -0.33554100365 -2.2690024E-01 -1.9134359E-01  1.6881906E-01  7.5323229E-03 -2.7140324E-02 -1.6268259E-02 -4.3408583E-02
 2.05812247518555     9.2923999879872E-03 4.9462970E-01 7.70380071E-01  -0.32877879942 -2.2057731E-01 -1.8687185E-01  1.6703223E-01 -5.1438975E-03 -2.5562784E-02 -2.1671343E-02 -4.7234127E-02
 2.11709325536087     8.5497456350478E-03 4.8155183E-01 7.56951311E-01  -0.32221192646 -2.1436946E-01 -1.8245231E-01  1.6520368E-01 -1.6520735E-02 -2.4034145E-02 -2.6376083E-02 -5.0410227E-02
 2.17755688794376     7.8584239739819E-03 4.6825707E-01 7.43560689E-01  -0.31584337686 -2.0827820E-01 -1.7808719E-01  1.6333393E-01 -2.6650958E-02 -2.2556243E-02 -3.0412882E-02 -5.2969125E-02
 2.23955116467282     7.2157487639078E-03 4.5479245E-01 7.30217410E-01  -0.30967416377 -2.0230486E-01 -1.7377864E-01  1.6142365E-01 -3.5588832E-02 -2.1130705E-02 -3.3812610E-02 -5.4943315E-02
 2.30311483398911     6.6190831616167E-03 4.4120344E-01 7.16930394E-01  -0.30370907339 -1.9645048E-01 -1.6952872E-01  1.5947366E-01 -4.3390004E-02 -1.9758941E-02 -3.6612257E-02 -5.6371198E-02
 2.36828762525511     6.0658479942259E-03 4.2753363E-01 7.03708289E-01  -0.29793795404 -1.9071581E-01 -1.6533943E-01  1.5748495E-01 -5.0111388E-02 -1.8442125E-02 -3.8836047E-02 -5.7278172E-02
 2.43511027358693     5.5535302835265E-03 4.1382457E-01 6.90559421E-01  -0.29236749355 -1.8510142E-01 -1.6121263E-01  1.5545867E-01 -5.5811065E-02 -1.7181186E-02 -4.0527142E-02 -5.7708328E-02
 2.50362454531503     5.0796893258393E-03 4.0011554E-01 6.77491816E-01  -0.28698886735 -1.7960761E-01 -1.5715014E-01  1.5339615E-01 -6.0548093E-02 -1.5976808E-02 -4.1715040E-02 -5.7691848E-02
 2.57387326408956     4.6419630516131E-03 3.8644337E-01 6.64513153E-01  -0.28179771515 -1.7423437E-01 -1.5315364E-01  1.5129888E-01 -6.4382282E-02 -1.4829413E-02 -4.2435346E-02 -5.7264759E-02
 2.64590033764657     4.2380729941573E-03 3.7284237E-01 6.51630785E-01  -0.27678764590 -1.6898150E-01 -1.4922470E-01  1.4916852E-01 -6.7374013E-02 -1.3739177E-02 -4.2723041E-02 -5.6462218E-02
 2.71975078525168     3.8658283977293E-03 3.5934422E-01 6.38851706E-01  -0.27195006895 -1.6384850E-01 -1.4536477E-01  1.4700693E-01 -6.9583952E-02 -1.2705997E-02 -4.2612045E-02 -5.5318042E-02
 2.79547076583871     3.5231295061333E-03 3.4597792E-01 6.26182569E-01  -0.26727486361 -1.5883470E-01 -1.4157516E-01  1.4481610E-01 -7.1072776E-02 -1.1729538E-02 -4.2135555E-02 -5.3865094E-02
 2.87310760686040     3.2079699708485E-03 3.3276983E-01 6.13629659E-01  -0.26275869895 -1.5393915E-01 -1.3785709E-01  1.4259822E-01 -7.1900899E-02 -1.0809197E-02 -4.1334107E-02 -5.2143304E-02
 2.95270983386970     2.9184380011726E-03 3.1974361E-01 6.01198913E-01  -0.25837727024 -1.4916064E-01 -1.3421157E-01  1.4035561E-01 -7.2128271E-02 -9.9441209E-03 -4.0227563E-02 -5.0171684E-02
 3.03432720084974     2.6527179407248E-03 3.0692040E-01 5.88895901E-01  -0.25413053514 -1.4449791E-01 -1.3063948E-01  1.3809072E-01 -7.1813592E-02 -9.1332600E-03 -3.8859559E-02 -4.7992819E-02
 3.11801072131178     2.4090895412990E-03 2.9431881E-01 5.76725845E-01  -0.25000562991 -1.3994945E-01 -1.2714160E-01  1.3580614E-01 -7.1014573E-02 -8.3753165E-03 -3.7260648E-02 -4.5635965E-02
 3.20381270018021     2.1859273884468E-03 2.8195502E-01 5.64693606E-01  -0.24598257789 -1.3551352E-01 -1.2371848E-01  1.3350461E-01 -6.9787353E-02 -7.6687941E-03 -3.5453417E-02 -4.3122212E-02
 3.29178676648494     1.9817000494173E-03 2.6984301E-01 5.52803704E-01  -0.24205511750 -1.3118834E-01 -1.2037054E-01  1.3118890E-01 -6.8186209E-02 -7.0120272E-03 -3.3472991E-02 -4.0485018E-02
 3.38198790688120     1.7949678977828E-03 2.5799462E-01 5.41060309E-01  -0.23820916415 -1.2697199E-01 -1.1709803E-01  1.2886190E-01 -6.6263299E-02 -6.4031820E-03 -3.1345224E-02 -3.7748406E-02
 3.47447250001802     1.6243808894261E-03 2.4641974E-01 5.29467260E-01  -0.23443226687 -1.2286245E-01 -1.1390103E-01  1.2652653E-01 -6.4068386E-02 -5.8402876E-03 -2.9095850E-02 -3.4936138E-02
 3.56929835177676     1.4686758613124E-03 2.3512647E-01 5.18028064E-01  -0.23071313368 -1.1885765E-01 -1.1077945E-01  1.2418576E-01 -6.1648620E-02 -5.3212561E-03 -2.6749782E-02 -3.2071038E-02
 3.66652473140161     1.3266734470318E-03 2.2412130E-01 5.06745912E-01  -0.22704077430 -1.1495545E-01 -1.0773306E-01  1.2184257E-01 -5.9048290E-02 -4.8439121E-03 -2.4329967E-02 -2.9173879E-02
 3.76621240854480     1.1972747310942E-03 2.1340928E-01 4.95623676E-01  -0.22340494984 -1.1115371E-01 -1.0476144E-01  1.1949991E-01 -5.6308735E-02 -4.4060069E-03 -2.1857739E-02 -2.6263746E-02
 3.86842369124968     1.0794576899716E-03 2.0299417E-01 4.84663934E-01  -0.21979668087 -1.0745029E-01 -1.0186404E-01  1.1716073E-01 -5.3467831E-02 -4.0052559E-03 -1.9352786E-02 -2.3358042E-02
 3.97322246489519     9.7227346699327E-04 1.9287861E-01 4.73868967E-01  -0.21620758383 -1.0384306E-01 -9.9040160E-02  1.1482789E-01 -5.0558570E-02 -3.6393534E-03 -1.6831045E-02 -2.0470398E-02
 4.08067423212636     8.7484256543585E-04 1.8306428E-01 4.63240776E-01  -0.21263089007 -1.0032992E-01 -9.6288956E-02  1.1250420E-01 -4.7616129E-02 -3.3059979E-03 -1.4312769E-02 -1.7618767E-02
 4.19084615379553     7.8635097774341E-04 1.7355204E-01 4.52781088E-01  -0.20906062872 -9.6908839E-02 -9.3609463E-02  1.1019236E-01 -4.4676203E-02 -3.0029112E-03 -1.1820024E-02 -1.4822935E-02
 4.30380709094018     7.0604632708725E-04 1.6434203E-01 4.42491369E-01  -0.20549246706 -9.3577847E-02 -9.1000601E-02  1.0789498E-01 -4.1757037E-02 -2.7278597E-03 -9.3595404E-03 -1.2087400E-02
 4.41962764782319     6.3323403599048E-04 1.5543380E-01 4.32372831E-01  -0.20192345587 -9.0335043E-02 -8.8461193E-02  1.0561454E-01 -3.8881288E-02 -2.4786686E-03 -6.9443018E-03 -9.4229704E-03
 4.53838021606290     5.6727357285373E-04 1.4682641E-01 4.22426446E-01  -0.19834925983 -8.7178611E-02 -8.5989959E-02  1.0335338E-01 -3.6068637E-02 -2.2532362E-03 -4.5833655E-03 -6.8366017E-03
 4.66013901988018     5.0757486716031E-04 1.3851848E-01 4.12652951E-01  -0.19477100645 -8.4106826E-02 -8.3585541E-02  1.0111368E-01 -3.3335905E-02 -2.0495540E-03 -2.2888169E-03 -4.3383710E-03
 4.78498016249101     4.5359473733937E-04 1.3050831E-01 4.03052863E-01  -0.19118763083 -8.1118049E-02 -8.1246531E-02  9.8897507E-02 -3.0697207E-02 -1.8657085E-03 -6.8240330E-05 -1.9339489E-03
 4.91298167367344     4.0483355635375E-04 1.2279386E-01 3.93626482E-01  -0.18760006737 -7.8210728E-02 -7.8971463E-02  9.6706729E-02 -2.8164103E-02 -1.6998916E-03  2.0709442E-03  3.7105264E-04
 5.04422355853876     3.6083205465299E-04 1.1537285E-01 3.84373905E-01  -0.18400992652 -7.5383398E-02 -7.6758833E-02  9.4543071E-02 -2.5745777E-02 -1.5504054E-03  4.1226525E-03  2.5722471E-03
 5.17878784753730     3.2116829938751E-04 1.0824274E-01 3.75295033E-01  -0.18041949706 -7.2634671E-02 -7.4607110E-02  9.2408092E-02 -2.3449206E-02 -1.4156664E-03  6.0819680E-03  4.6663016E-03
 5.31675864773013     2.8545485325871E-04 1.0140075E-01 3.66389580E-01  -0.17683180103 -6.9963233E-02 -7.2514748E-02  9.0303189E-02 -2.1279352E-02 -1.2942056E-03  7.9449227E-03  6.6507171E-03
 5.45822219535868     2.5333611199494E-04 9.4843896E-02 3.57657078E-01  -0.17325013273 -6.7367834E-02 -7.0480199E-02  8.8229600E-02 -1.9239339E-02 -1.1846696E-03  9.7087860E-03  8.5241164E-03
 5.60326690974527     2.2448582538901E-04 8.8568932E-02 3.49096893E-01  -0.16967836989 -6.4847276E-02 -6.8501917E-02  8.6188405E-02 -1.7330636E-02 -1.0858180E-03  1.1371589E-02  1.0285771E-02
 5.75198344855799     1.9860479071288E-04 8.2572387E-02 3.40708224E-01  -0.16612050135 -6.2400407E-02 -6.6578370E-02  8.4180537E-02 -1.5553235E-02 -9.9651940E-04  1.2932431E-02  1.1935911E-02
 5.90446476447472     1.7541871897396E-04 7.6850530E-02 3.32490117E-01  -0.16258066320 -6.0026113E-02 -6.4708048E-02  8.2206781E-02 -1.3905826E-02 -9.1574800E-04  1.4391283E-02  1.3475535E-02
 6.06080616328161     1.5467626422425E-04 7.1399361E-02 3.24441467E-01  -0.15906254916 -5.7723294E-02 -6.2889458E-02  8.0267789E-02 -1.2385957E-02 -8.4257791E-04  1.5749425E-02  1.4906847E-02
 6.22110536344225     1.3614721063603E-04 6.6214595E-02 3.16561034E-01  -0.15557261614 -5.5490863E-02 -6.1121160E-02  7.8364077E-02 -1.0990199E-02 -7.7618129E-04  1.7006097E-02  1.6229916E-02
 6.38546255717493     1.1962077489714E-04 6.1291634E-02 3.08847440E-01  -0.15211136842 -5.3327757E-02 -5.9401737E-02  7.6496053E-02 -9.7142952E-03 -7.1580722E-04  1.8167067E-02  1.7451260E-02
 6.55398047307601     1.0490410954170E-04 5.6625579E-02 3.01299184E-01  -0.14868533041 -5.1232888E-02 -5.7729793E-02  7.4663998E-02 -8.5533010E-03 -6.6079834E-04  1.9232536E-02  1.8571738E-02
 6.72676444032865     9.1820859394104E-05 5.2211198E-02 2.93914644E-01  -0.14529741338 -4.9205159E-02 -5.6103998E-02  7.2868093E-02 -7.5017224E-03 -6.1056838E-04  2.0206644E-02  1.9596076E-02
 6.90392245453699     8.0209871169540E-05 4.8042931E-02 2.86692090E-01  -0.14195064340 -4.7243447E-02 -5.4523049E-02  7.1108424E-02 -6.5536401E-03 -5.6459807E-04  2.1093627E-02  2.0529029E-02
 7.08556524522687     6.9924002001422E-05 4.4114884E-02 2.79629683E-01  -0.13865059737 -4.5346608E-02 -5.2985708E-02  6.9384987E-02 -5.7028274E-03 -5.2243408E-04  2.1895274E-02  2.1372840E-02
 7.27180634505546     6.0829004392409E-05 4.0420826E-02 2.72725490E-01  -0.13539547528 -4.3513497E-02 -5.1490759E-02  6.7697714E-02 -4.9428601E-03 -4.8365843E-04  2.2620758E-02  2.2137100E-02
 7.46276216077282     5.2802549512032E-05 3.6954213E-02 2.65977486E-01  -0.13219185829 -4.1742888E-02 -5.0037005E-02  6.6046442E-02 -4.2672126E-03 -4.4792915E-04  2.3270789E-02  2.2822860E-02
 7.65855204597989     4.5733264278765E-05 3.3708188E-02 2.59383560E-01  -0.12904053137 -4.0033523E-02 -4.8623341E-02  6.4430949E-02 -3.6693516E-03 -4.1494161E-04  2.3851709E-02  2.3436768E-02
 7.85929837572846     3.9519880909771E-05 3.0675599E-02 2.52941529E-01  -0.12594350135 -3.8384133E-02 -4.7248674E-02  6.2850953E-02 -3.1428152E-03 -3.8442918E-04  2.4368408E-02  2.3983979E-02
 8.06512662300944     3.4070441054568E-05 2.7849025E-02 2.46649135E-01  -0.12290233831 -3.6793392E-02 -4.5911958E-02  6.1306126E-02 -2.6812848E-03 -3.5615727E-04  2.4825914E-02  2.4469757E-02
 8.27616543717767     2.9301559184034E-05 2.5220804E-02 2.40504058E-01  -0.11991834137 -3.5259937E-02 -4.4612181E-02  5.9796092E-02 -2.2786463E-03 -3.2992295E-04  2.5229183E-02  2.4899260E-02
 8.49254672436190     2.5137739523446E-05 2.2783056E-02 2.34503924E-01  -0.11699252078 -3.3782369E-02 -4.3348370E-02  5.8320433E-02 -1.9290416E-03 -3.0554769E-04  2.5583069E-02  2.5277521E-02
 8.71440572991044     2.1510742009458E-05 2.0527724E-02 2.28646304E-01  -0.11412562793 -3.2359255E-02 -4.2119586E-02  5.6878700E-02 -1.6269111E-03 -2.8287571E-04  2.5892264E-02  2.5609388E-02
 8.94188112292387     1.8358993095367E-05 1.8446607E-02 2.22928730E-01  -0.11131815522 -3.0989130E-02 -4.0924927E-02  5.5470412E-02 -1.3670256E-03 -2.6177002E-04  2.6161274E-02  2.5899504E-02
 9.17511508292777     1.5627037831540E-05 1.6531397E-02 2.17348694E-01  -0.10857038095 -2.9670504E-02 -3.9763521E-02  5.4095063E-02 -1.1445098E-03 -2.4211051E-04  2.6394361E-02  2.6152250E-02
 9.41425338873956     1.3265029959332E-05 1.4773720E-02 2.11903656E-01  -0.10588238005 -2.8401865E-02 -3.8634528E-02  5.2752123E-02 -9.5485729E-04 -2.2379071E-04  2.6595523E-02  2.6371732E-02
 9.65944550958498     1.1228257272439E-05 1.3165174E-02 2.06591055E-01  -0.10325403829 -2.7181686E-02 -3.7537140E-02  5.1441047E-02 -7.9393694E-04 -2.0671641E-04  2.6768485E-02  2.6561769E-02
 9.91084469852125     9.4766998239906E-06 1.1697373E-02 2.01408306E-01  -0.10068508724 -2.6008431E-02 -3.6470578E-02  5.0161275E-02 -6.5799253E-04 -1.9080102E-04  2.6916670E-02  2.6725869E-02
 10.1686080882252     7.9746187818056E-06 1.0361982E-02 1.96352815E-01  -0.09817510236 -2.4880562E-02 -3.5434090E-02  4.8912233E-02 -5.4363590E-04 -1.7597047E-04  2.7043217E-02  2.6867246E-02
 10.4328967892063     6.6901740708795E-06 9.1507587E-03 1.91421976E-01  -0.09572354670 -2.3796544E-02 -3.4426953E-02  4.7693338E-02 -4.4783472E-04 -1.6215555E-04  2.7150955E-02  2.6988800E-02
 10.7038759905059     5.5950690338431E-06 8.0555918E-03 1.86613184E-01  -0.09332976380 -2.2754856E-02 -3.3448469E-02  4.6504003E-02 -3.6789577E-04 -1.4929346E-04  2.7242439E-02  2.7093146E-02
 10.9817150629461     4.6642206121487E-06 7.0685330E-03 1.81923834E-01  -0.09099301565 -2.1753994E-02 -3.2497964E-02  4.5343633E-02 -3.0144494E-04 -1.3732595E-04  2.7319932E-02  2.7182606E-02
 11.2665876649914     3.8754535934890E-06 6.1818321E-03 1.77351330E-01  -0.08871247305 -2.0792479E-02 -3.1574789E-02  4.4211633E-02 -2.4640458E-04 -1.2619960E-04  2.7385450E-02  2.7259250E-02
 11.5586718512917     3.2092176551971E-06 5.3879667E-03 1.72893085E-01  -0.08648725066 -1.9868865E-02 -3.0678319E-02  4.3107407E-02 -2.0096938E-04 -1.1586407E-04  2.7440751E-02  2.7324887E-02
 11.8581501839715     2.6483259482876E-06 4.6796696E-03 1.68546531E-01  -0.08431640500 -1.8981743E-02 -2.9807948E-02  4.2030360E-02 -1.6358140E-04 -1.0627266E-04  2.7487376E-02  2.7381103E-02
 12.1652098467374     2.1777140890949E-06 4.0499525E-03 1.64309117E-01  -0.08219894967 -1.8129747E-02 -2.8963089E-02  4.0979898E-02 -1.3290513E-04 -9.7380848E-05  2.7526656E-02  2.7429275E-02
 12.4800427618745     1.7842184490745E-06 3.4921271E-03 1.60178319E-01  -0.08013386495 -1.7311558E-02 -2.8143177E-02  3.9955433E-02 -1.0780296E-04 -8.9146991E-05  2.7559737E-02  2.7470590E-02
 12.8028457102034     1.4563726895347E-06 2.9998215E-03 1.56151636E-01  -0.07812010320 -1.6525909E-02 -2.7347662E-02  3.8956378E-02 -8.7311786E-05 -8.1531038E-05  2.7587603E-02  2.7506072E-02
 13.1338204540748     1.1842215193171E-06 2.5669946E-03 1.52226601E-01  -0.07615660028 -1.5771585E-02 -2.6576007E-02  3.7982155E-02 -7.0620939E-05 -7.4495305E-05  2.7611088E-02  2.7536593E-02
 13.4731738634779     9.5915068426942E-07 2.1879457E-03 1.48400775E-01  -0.07424227713 -1.5047426E-02 -2.5827692E-02  3.7032190E-02 -5.7051766E-05 -6.8003429E-05  2.7630901E-02  2.7562897E-02
 13.8211180453404     7.7373222421229E-07 1.8573207E-03 1.44671758E-01  -0.07237604999 -1.4352332E-02 -2.5102208E-02  3.6105918E-02 -4.6039028E-05 -6.2021095E-05  2.7647639E-02  2.7585618E-02
 14.1778704761025     6.2158405596392E-07 1.5701160E-03 1.41037186E-01  -0.07055683035 -1.3685254E-02 -2.4399055E-02  3.5202781E-02 -3.7114168E-05 -5.6515104E-05  2.7661804E-02  2.7605289E-02
 14.5436541376468     4.9724296485706E-07 1.3216778E-03 1.37494736E-01  -0.06878353491 -1.3045202E-02 -2.3717742E-02  3.4322230E-02 -2.9890446E-05 -5.1454164E-05  2.7673816E-02  2.7622362E-02
 14.9186976566689     3.9605010895898E-07 1.1076992E-03 1.34042123E-01  -0.06705508244 -1.2431238E-02 -2.3057787E-02  3.3463723E-02 -2.4049912E-05 -4.6808005E-05  2.7684028E-02  2.7637220E-02
 15.3032354475769     3.1404816526770E-07 9.2421422E-04 1.30677107E-01  -0.06537040301 -1.1842474E-02 -2.2418709E-02  3.2626729E-02 -1.9332069E-05 -4.2548149E-05  2.7692730E-02  2.7650182E-02
 15.6975078590080     2.4788927011963E-07 7.6758947E-04 1.27397490E-01  -0.06372843604 -1.1278071E-02 -2.1800034E-02  3.1810725E-02 -1.5524161E-05 -3.8647139E-05  2.7700167E-02  2.7661520E-02
 16.1017613240540     1.9475293354501E-07 6.3451317E-04 1.24201120E-01  -0.06212813583 -1.0737234E-02 -2.1201289E-02  3.1015201E-02 -1.2452876E-05 -3.5079193E-05  2.7706541E-02  2.7671462E-02
 16.5162485142899     1.5227313474573E-07 5.2198253E-04 1.21085889E-01  -0.06056847065 -1.0219207E-02 -2.0622002E-02  3.0239653E-02 -9.9773557E-06 -3.1819574E-05  2.7712020E-02  2.7680201E-02
 16.9412284977026     1.1847383591674E-07 4.2728940E-04 1.18049734E-01  -0.05904842667 -9.7232707E-03 -2.0061702E-02  2.9483588E-02 -7.9833277E-06 -2.8845134E-05  2.7716744E-02  2.7687899E-02
 17.3769669006158     9.1712183254030E-08 3.4800449E-04 1.15090641E-01  -0.05756700720 -9.2487382E-03 -1.9519915E-02  2.8746526E-02 -6.3782260E-06 -2.6133775E-05  2.7720829E-02  2.7694696E-02
 17.8237360737158     7.0628697443439E-08 2.8196068E-04 1.12206638E-01  -0.05612323541 -8.7949486E-03 -1.8996167E-02  2.8027995E-02 -5.0871534E-06 -2.3664904E-05  2.7724372E-02  2.7700707E-02
 18.2818152622795     5.4103790928362E-08 2.2723551E-04 1.09395802E-01  -0.05471615355 -8.3612649E-03 -1.8489980E-02  2.7327532E-02 -4.0495589E-06 -2.1418968E-05  2.7727452E-02  2.7706033E-02
 18.7514907807114     4.1219985542704E-08 1.8213328E-04 1.06656255E-01  -0.05334482499 -7.9470687E-03 -1.8000874E-02  2.6644686E-02 -3.2165166E-06 -1.9377824E-05  2.7730137E-02  2.7710759E-02
 19.2330561914998     3.1229241464837E-08 1.4516700E-04 1.03986165E-01  -0.05200833310 -7.5517573E-03 -1.7528367E-02  2.5979017E-02 -2.5485054E-06 -1.7524351E-05  2.7732483E-02  2.7714958E-02
 19.7268124887027     2.3524846529130E-08 1.1504043E-04 1.01383743E-01  -0.05070578282 -7.1747400E-03 -1.7071971E-02  2.5330093E-02 -2.0136042E-06 -1.5842725E-05  2.7734536E-02  2.7718693E-02
 20.2330682860790     1.7617353394229E-08 9.0630427E-05 9.88472472E-02  -0.04943629955 -6.8154352E-03 -1.6631200E-02  2.4697494E-02 -1.5860268E-06 -1.4318101E-05  2.7736337E-02  2.7722019E-02
 20.7521400099821     1.3114090590827E-08 7.0969839E-05 9.63749788E-02  -0.04819902984 -6.4732680E-03 -1.6205561E-02  2.4080808E-02 -1.2449383E-06 -1.2936819E-05  2.7737919E-02  2.7724982E-02
 21.2843520971366     9.7018116801928E-09 5.5231085E-05 9.39652817E-02  -0.04699314070 -6.1476682E-03 -1.5794562E-02  2.3479634E-02 -9.7349844E-07 -1.1686137E-05  2.7739312E-02  2.7727625E-02
 21.8300371974219     7.1320843118439E-09 4.2710562E-05 9.16165430E-02  -0.04581781973 -5.8380688E-03 -1.5397709E-02  2.2893581E-02 -7.5808887E-07 -1.0554376E-05  2.7740539E-02  2.7729985E-02
 22.3895363817894     5.2090575837121E-09 3.2814004E-05 8.93271910E-02  -0.04467227444 -5.5439048E-03 -1.5014507E-02  2.2322267E-02 -5.8747153E-07 -9.5307044E-06  2.7741625E-02  2.7732094E-02
 22.9631993554425     3.7792814482352E-09 2.5042858E-05 8.70956953E-02  -0.04355573243 -5.2646126E-03 -1.4644465E-02  2.1765319E-02 -4.5340916E-07 -8.6052287E-06  2.7742587E-02  2.7733982E-02
 23.5513846764139     2.7232857446830E-09 1.8981738E-05 8.49205652E-02  -0.04246744086 -4.9996299E-03 -1.4287090E-02  2.1222372E-02 -3.4799131E-07 -7.7688239E-06  2.7743444E-02  2.7735676E-02
 24.1544599796765     1.9486585329451E-09 1.4286975E-05 8.28003490E-02  -0.04140666631 -4.7483959E-03 -1.3941893E-02  2.0693074E-02 -2.6562147E-07 -7.0131837E-06  2.7744212E-02  2.7737199E-02
 24.7728022069265     1.3843935839161E-09 1.0676274E-05 8.07336334E-02  -0.04037269506 -4.5103515E-03 -1.3608391E-02  2.0177078E-02 -2.0157939E-07 -6.3306840E-06  2.7744903E-02  2.7738572E-02
 25.4067978421846     9.7630500234288E-10 7.9194540E-06 7.87190422E-02  -0.03936483253 -4.2849403E-03 -1.3286103E-02  1.9674046E-02 -1.5205351E-07 -5.7144056E-06  2.7745529E-02  2.7739815E-02
 26.0568431533613     6.8333293761467E-10 5.8302317E-06 7.67552354E-02  -0.03838240373 -4.0716097E-03 -1.2974557E-02  1.9183651E-02 -1.1397240E-07 -5.1580247E-06  2.7746100E-02  2.7740942E-02
 26.7233444399368     4.7458811103417E-10 4.2590068E-06 7.48409087E-02  -0.03742475313 -3.8698116E-03 -1.2673287E-02  1.8705571E-02 -8.4866266E-08 -4.6558154E-06  2.7746621E-02  2.7741965E-02
 27.4067182869115     3.2700445888180E-10 3.0865805E-06 7.29747918E-02  -0.03649124457 -3.6790046E-03 -1.2381837E-02  1.8239495E-02 -6.2769893E-08 -4.2025632E-06  2.7747097E-02  2.7742895E-02
 28.1073918251858     2.2348857739579E-10 2.2187394E-06 7.11556485E-02  -0.03558126052 -3.4986545E-03 -1.2099762E-02  1.7785119E-02 -4.5114786E-08 -3.7935531E-06  2.7747530E-02  2.7743736E-02
 28.8258029985296     1.5147192407350E-10 1.5816298E-06 6.93822749E-02  -0.03469420274 -3.3282364E-03 -1.1826625E-02  1.7342144E-02 -3.2499371E-08 -3.4245088E-06  2.7747915E-02  2.7744491E-02
 29.5624008373128     1.0178696654108E-10 1.1178446E-06 6.76534989E-02  -0.03382948992 -3.1672359E-03 -1.1562005E-02  1.6910283E-02 -2.3215751E-08 -3.0915387E-06  2.7748250E-02  2.7745159E-02
 30.3176457391629     6.7801791647156E-11 7.8314464E-07 6.59681796E-02  -0.03298655791 -3.0151505E-03 -1.1305492E-02  1.6489254E-02 -1.6445741E-08 -2.7911381E-06  2.7748530E-02  2.7745739E-02
 31.0920097567287     4.4759219907857E-11 5.4373835E-07 6.43252060E-02  -0.03216485583 -2.8714912E-03 -1.1056692E-02  1.6078781E-02 -1.1552929E-08 -2.5201218E-06  2.7748751E-02  2.7746231E-02
 31.8859768927290     2.9276362122985E-11 3.7404722E-07 6.27234964E-02  -0.03136384771 -2.7357837E-03 -1.0815224E-02  1.5678598E-02 -8.0478633E-09 -2.2756121E-06  2.7748908E-02  2.7746633E-02
 32.7000434024695     1.8968953502356E-11 2.5488830E-07 6.11619974E-02  -0.03058300654 -2.6075694E-03 -1.0580725E-02  1.5288444E-02 -5.5585180E-09 -2.0549799E-06  2.7749003E-02  2.7746948E-02
 33.5347181040190     1.2171863756335E-11 1.7201102E-07 5.96396837E-02  -0.02982181267 -2.4864065E-03 -1.0352847E-02  1.4908065E-02 -3.8054568E-09 -1.8558601E-06  2.7749042E-02  2.7747186E-02
 34.3905226962370     7.7330592275079E-12 1.1493142E-07 5.81555566E-02  -0.02907975393 -2.3718712E-03 -1.0131259E-02  1.4537213E-02 -2.5812246E-09 -1.6760913E-06  2.7749038E-02  2.7747362E-02
 35.2679920848523     4.8631363136531E-12 7.6012983E-08 5.67086436E-02  -0.02835632040 -2.2635577E-03 -9.9156451E-03  1.4175647E-02 -1.7335164E-09 -1.5137128E-06  2.7749016E-02  2.7747502E-02
 36.1676747167969     3.0264941417426E-12 4.9749747E-08 5.52979978E-02  -0.02765100565 -2.1610794E-03 -9.7057080E-03  1.3823132E-02 -1.1516730E-09 -1.3669570E-06  2.7749009E-02  2.7747642E-02
 37.0901329230030     1.8633996053191E-12 3.2213109E-08 5.39226969E-02  -0.02696330670 -2.0646290E-03 -9.5011641E-03  1.3479435E-02 -7.5604983E-10 -1.2389715E-06  2.7749058E-02  2.7747819E-02
 38.0359432698778     1.1347400433225E-12 2.0629781E-08 5.25818430E-02  -0.02629272521 -1.9657632E-03 -9.3017452E-03  1.3144343E-02 -4.8980834E-10 -1.1175990E-06  2.7749212E-02  2.7748095E-02
 39.0056969196771     6.8326529827846E-13 1.3063373E-08 5.12745613E-02  -0.02565498455 -1.8897897E-03 -9.1428326E-03  1.2817632E-02 -3.1269324E-10 -1.0079687E-06  2.7733312E-02  2.7732304E-02
 40.0000000000000     4.0668696127570E-13 8.1769265E-09 5.00000000E-02  -0.02480295908 -1.8610433E-03 -8.7836976E-03  1.2499091E-02 -1.9639700E-10 -9.0879644E-07  2.7948057E-02  2.7947148E-02
