0.100000000000000E-24 3.6208585869373E+00 4.5501051E-49 3.37663360E+00  -1.74920020874 -4.2767181E+23 -1.1817466E+00  7.3494047E-01  9.0937604E+24 -1.0921792E-01 -1.0906231E+25 -1.0906231E+25
0.171729041549225E-02 3.5960753229806E+00 1.3326808E-04 3.37660982E+00  -1.74902277603 -2.6411210E+01 -1.1792139E+00  7.3493703E-01  5.3794234E+02 -1.0921543E-01 -6.2415173E+02 -6.2426095E+02
0.347805424482813E-02 3.5708485492190E+00 5.4281770E-04 3.37654251E+00  -1.74917497302 -1.3800039E+01 -1.1766239E+00  7.3492638E-01  2.6976214E+02 -1.0920925E-01 -3.0274092E+02 -3.0285013E+02
0.528339202271870E-02 3.5451750249877E+00 1.2435785E-03 3.37642417E+00  -1.74909137911 -9.5947115E+00 -1.1739757E+00  7.3490804E-01  1.8031922E+02 -1.0919800E-01 -1.9569441E+02 -1.9580361E+02
0.713443214404388E-02 3.5190517360796E+00 2.2508903E-03 3.37625307E+00  -1.74892714374 -7.4907832E+00 -1.1712679E+00  7.3488150E-01  1.3555970E+02 -1.0918176E-01 -1.4223990E+02 -1.4234908E+02
0.903233156913595E-02 3.4924759095829E+00 3.5804946E-03 3.37602599E+00  -1.74870794559 -6.2273630E+00 -1.1684995E+00  7.3484625E-01  1.0867289E+02 -1.0916025E-01 -1.1022284E+02 -1.1033200E+02
0.109782765469175E-01 3.4654450291334E+00 5.2485243E-03 3.37573943E+00  -1.74844041222 -5.3841529E+00 -1.1656694E+00  7.3480172E-01  9.0721904E+01 -1.0913314E-01 -8.8925030E+01 -8.9034163E+01
0.129734833563454E-01 3.4379568505751E+00 7.2714912E-03 3.37538982E+00  -1.74812588986 -4.7810242E+00 -1.1627763E+00  7.3474733E-01  7.7876688E+01 -1.0910013E-01 -7.3752925E+01 -7.3862025E+01
0.150191990666253E-01 3.4100094180211E+00 9.6662715E-03 3.37497339E+00  -1.74776359378 -4.3279117E+00 -1.1598191E+00  7.3468248E-01  6.8222230E+01 -1.0906087E-01 -6.2409729E+01 -6.2518790E+01
0.171167023166695E-01 3.3816010802995E+00 1.2450088E-02 3.37448625E+00  -1.74735188970 -3.9747784E+00 -1.1567966E+00  7.3460653E-01  6.0694649E+01 -1.0901503E-01 -5.3619429E+01 -5.3728444E+01
0.192673041142890E-01 3.3527305077690E+00 1.5640492E-02 3.37392431E+00  -1.74688856429 -3.6916013E+00 -1.1537077E+00  7.3451882E-01  5.4655630E+01 -1.0896225E-01 -4.6616404E+01 -4.6725366E+01
0.214723486556153E-01 3.3233967094866E+00 1.9255338E-02 3.37328335E+00  -1.74637117245 -3.4592744E+00 -1.1505511E+00  7.3441866E-01  4.9698985E+01 -1.0890217E-01 -4.0913426E+01 -4.1022328E+01
0.237332141652670E-01 3.2935990507039E+00 2.3312761E-02 3.37255895E+00  -1.74579698198 -3.2650596E+00 -1.1473256E+00  7.3430533E-01  4.5553933E+01 -1.0883441E-01 -3.6185667E+01 -3.6294501E+01
0.260513137577851E-01 3.2633372706679E+00 2.7831146E-02 3.37174653E+00  -1.74516316562 -3.1001377E+00 -1.1440300E+00  7.3417807E-01  4.2033020E+01 -1.0875856E-01 -3.2208233E+01 -3.2316991E+01
0.284280963208754E-01 3.2326115006990E+00 3.2829097E-02 3.37084132E+00  -1.74446666373 -2.9582088E+00 -1.1406630E+00  7.3403609E-01  3.9002359E+01 -1.0867424E-01 -2.8820476E+01 -2.8929150E+01
0.308650474210106E-01 3.2014222825156E+00 3.8325402E-02 3.36983839E+00  -1.74370439925 -2.8346525E+00 -1.1372236E+00  7.3387857E-01  3.6363778E+01 -1.0858103E-01 -2.5904579E+01 -2.6013160E+01
0.333636902319580E-01 3.1697705867659E+00 4.4338996E-02 3.36873259E+00  -1.74287306756 -2.7260029E+00 -1.1337103E+00  7.3370466E-01  3.4043656E+01 -1.0847849E-01 -2.3372168E+01 -2.3480646E+01
0.359255864868120E-01 3.1376578317364E+00 5.0888913E-02 3.36751863E+00  -1.74196932722 -2.6296094E+00 -1.1301220E+00  7.3351347E-01  3.1985701E+01 -1.0836619E-01 -2.1155654E+01 -2.1264021E+01
0.385523374541287E-01 3.1050859021886E+00 5.7994247E-02 3.36619095E+00  -1.74098966460 -2.5434098E+00 -1.1264574E+00  7.3330407E-01  3.0146142E+01 -1.0824367E-01 -1.9202461E+01 -1.9310704E+01
0.412455849387706E-01 3.0720571682800E+00 6.5674094E-02 3.36474387E+00  -1.73993050574 -2.4657758E+00 -1.1227154E+00  7.3307549E-01  2.8490431E+01 -1.0811048E-01 -1.7471070E+01 -1.7579180E+01
0.440070123080884E-01 3.0385745045202E+00 7.3947505E-02 3.36317146E+00  -1.73878811179 -2.3954044E+00 -1.1188946E+00  7.3282673E-01  2.6990935E+01 -1.0796613E-01 -1.5928260E+01 -1.6036226E+01
0.468383455440799E-01 3.0046413087068E+00 8.2833420E-02 3.36146762E+00  -1.73755868783 -2.3312403E+00 -1.1149938E+00  7.3255675E-01  2.5625296E+01 -1.0781015E-01 -1.4547127E+01 -1.4654937E+01
0.497413543221854E-01 2.9702615207820E+00 9.2350609E-02 3.35962602E+00  -1.73623827520 -2.2724200E+00 -1.1110118E+00  7.3226447E-01  2.4375227E+01 -1.0764204E-01 -1.3305654E+01 -1.3413296E+01
0.527178531173921E-01 2.9354396415484E+00 1.0251760E-01 3.35764014E+00  -1.73482285392 -2.2182296E+00 -1.1069473E+00  7.3194875E-01  2.3225629E+01 -1.0746129E-01 -1.2185641E+01 -1.2293103E+01
0.557697023383403E-01 2.9001807511749E+00 1.1335263E-01 3.35550323E+00  -1.73330825015 -2.1680740E+00 -1.1027991E+00  7.3160843E-01  2.2163929E+01 -1.0726738E-01 -1.1171918E+01 -1.1279185E+01
0.588988094901391E-01 2.8644905274218E+00 1.2487350E-01 3.35320836E+00  -1.73169022977 -2.1214531E+00 -1.0985660E+00  7.3124229E-01  2.1179571E+01 -1.0705979E-01 -1.0251730E+01 -1.0358790E+01
0.621071303666196E-01 2.8283752635068E+00 1.3709759E-01 3.35074835E+00  -1.72996439272 -2.0779433E+00 -1.0942468E+00  7.3084909E-01  2.0263633E+01 -1.0683799E-01 -9.4142801E+00 -9.5211181E+00
0.653966702727692E-01 2.7918418855332E+00 1.5004169E-01 3.34811586E+00  -1.72812630880 -2.0371838E+00 -1.0898402E+00  7.3042753E-01  1.9408521E+01 -1.0660144E-01 -8.6503623E+00 -8.7569637E+00
0.687694852781130E-01 2.7548979693884E+00 1.6372196E-01 3.34530329E+00  -1.72617136950 -1.9988647E+00 -1.0853451E+00  7.2997624E-01  1.8607732E+01 -1.0634958E-01 -7.9520783E+00 -8.0584279E+00
0.722276835018236E-01 2.7175517570301E+00 1.7815379E-01 3.34230285E+00  -1.72409494078 -1.9627190E+00 -1.0807602E+00  7.2949384E-01  1.7855669E+01 -1.0608187E-01 -7.3126125E+00 -7.4186943E+00
0.757734264303648E-01 2.6798121720562E+00 1.9335173E-01 3.33910653E+00  -1.72189218349 -1.9285149E+00 -1.0760844E+00  7.2897889E-01  1.7147488E+01 -1.0579774E-01 -6.7260504E+00 -6.8318482E+00
0.794089302684907E-01 2.6416888344688E+00 2.0932939E-01 3.33570614E+00  -1.71955841429 -1.8960502E+00 -1.0713166E+00  7.2842990E-01  1.6478978E+01 -1.0549663E-01 -6.1872345E+00 -6.2927311E+00
0.831364673244457E-01 2.6031920745011E+00 2.2609930E-01 3.33209323E+00  -1.71708839485 -1.8651482E+00 -1.0664556E+00  7.2784532E-01  1.5846458E+01 -1.0517798E-01 -5.6916442E+00 -5.7968222E+00
0.869583674302316E-01 2.5643329454649E+00 2.4367279E-01 3.32825921E+00  -1.71447737286 -1.8356529E+00 -1.0615004E+00  7.2722358E-01  1.5246704E+01 -1.0484122E-01 -5.2353012E+00 -5.3401424E+00
0.908770193978277E-01 2.5251232354008E+00 2.6205991E-01 3.32419523E+00  -1.71172009297 -1.8074270E+00 -1.0564497E+00  7.2656302E-01  1.4676877E+01 -1.0448579E-01 -4.8146879E+00 -4.9191737E+00
0.948948725122768E-01 2.4855754775189E+00 2.8126929E-01 3.31989231E+00  -1.70881142135 -1.7803483E+00 -1.0513026E+00  7.2586197E-01  1.4134466E+01 -1.0411111E-01 -4.4266826E+00 -4.5307937E+00
0.990144380625676E-01 2.4457029592480E+00 3.0130798E-01 3.31534121E+00  -1.70574609793 -1.7543084E+00 -1.0460580E+00  7.2511868E-01  1.3617251E+01 -1.0371663E-01 -4.0685042E+00 -4.1722209E+00
0.103238290911272     2.4055197297923E+00 3.2218135E-01 3.31053257E+00  -1.70251883732 -1.7292104E+00 -1.0407150E+00  7.2433136E-01  1.3123253E+01 -1.0330178E-01 -3.7376661E+00 -3.8409679E+00
0.107569071103920     2.3650406060664E+00 3.4389297E-01 3.30545682E+00  -1.69912427561 -1.7049673E+00 -1.0352725E+00  7.2349817E-01  1.2650711E+01 -1.0286603E-01 -3.4319375E+00 -3.5348035E+00
0.112009485519108     2.3242811768820E+00 3.6644444E-01 3.30010423E+00  -1.69555703811 -1.6815011E+00 -1.0297296E+00  7.2261723E-01  1.2198049E+01 -1.0240883E-01 -3.1493103E+00 -3.2517192E+00
0.116562309560396     2.2832578052590E+00 3.8983525E-01 3.29446491E+00  -1.69181169214 -1.6587415E+00 -1.0240855E+00  7.2168659E-01  1.1763855E+01 -1.0192964E-01 -2.8879720E+00 -2.9899017E+00
0.121230388891016     2.2419876287292E+00 4.1406266E-01 3.28852884E+00  -1.68788281159 -1.6366250E+00 -1.0183392E+00  7.2070426E-01  1.1346862E+01 -1.0142795E-01 -2.6462811E+00 -2.7477090E+00
0.126016641212507     2.2004885575062E+00 4.3912158E-01 3.28228583E+00  -1.68376493841 -1.6150940E+00 -1.0124900E+00  7.1966819E-01  1.0945927E+01 -1.0090326E-01 -2.4227472E+00 -2.5236504E+00
0.130924058088378     2.1587792703904E+00 4.6500435E-01 3.27572562E+00  -1.67945263620 -1.5940963E+00 -1.0065372E+00  7.1857631E-01  1.0560021E+01 -1.0035509E-01 -2.2160133E+00 -2.3163684E+00
0.135955706813925     2.1168792082848E+00 4.9170070E-01 3.26883778E+00  -1.67494047286 -1.5735844E+00 -1.0004799E+00  7.1742647E-01  1.0188211E+01 -9.9782970E-02 -2.0248411E+00 -2.1246240E+00
0.141114732333395     2.0748085651939E+00 5.1919752E-01 3.26161183E+00  -1.67022305669 -1.5535149E+00 -9.9431766E-01  7.1621650E-01  9.8296543E+00 -9.9186459E-02 -1.8480972E+00 -1.9472836E+00
0.146404359205680     2.0325882765886E+00 5.4747879E-01 3.25403719E+00  -1.66529502752 -1.5338484E+00 -9.8804976E-01  7.1494416E-01  9.4835865E+00 -9.8565142E-02 -1.6847424E+00 -1.7833075E+00
0.151827893619766     1.9902400050185E+00 5.7652540E-01 3.24610325E+00  -1.66015109955 -1.5145485E+00 -9.8167569E-01  7.1360718E-01  9.1493119E+00 -9.7918633E-02 -1.5338216E+00 -1.6317402E+00
0.157388725461213     1.9477861228621E+00 6.0631508E-01 3.23779931E+00  -1.65478604071 -1.4955821E+00 -9.7519500E-01  7.1220325E-01  8.8261980E+00 -9.7246577E-02 -1.3944549E+00 -1.4917015E+00
0.163090330430942     1.9052496921133E+00 6.3682219E-01 3.22911470E+00  -1.64919475562 -1.4769189E+00 -9.6860728E-01  7.1073002E-01  8.5136678E+00 -9.6548653E-02 -1.2658306E+00 -1.3623792E+00
0.168936272217662     1.8626544411016E+00 6.6801770E-01 3.22003873E+00  -1.64337219927 -1.4585309E+00 -9.6191221E-01  7.0918511E-01  8.2111950E+00 -9.5824577E-02 -1.1471979E+00 -1.2430224E+00
0.174930204725292     1.8200247380773E+00 6.9986901E-01 3.21056073E+00  -1.63731347512 -1.4403924E+00 -9.5510953E-01  7.0756608E-01  7.9182983E+00 -9.5074106E-02 -1.0378614E+00 -1.1329355E+00
0.181075874356768     1.7773855615744E+00 7.3233990E-01 3.20067009E+00  -1.63101387992 -1.4224798E+00 -9.4819909E-01  7.0587048E-01  7.6345371E+00 -9.4297040E-02 -9.3717602E-01 -1.0314731E+00
0.187377122355668     1.7347624674819E+00 7.6539040E-01 3.19035626E+00  -1.62446880870 -1.4047713E+00 -9.4118078E-01  7.0409584E-01  7.3595075E+00 -9.3493225E-02 -8.4454226E-01 -9.3803549E-01
0.193837887207115     1.6921815528014E+00 7.9897677E-01 3.17960883E+00  -1.61767388286 -1.3872468E+00 -9.3405461E-01  7.0223965E-01  7.0928388E+00 -9.2662558E-02 -7.5940216E-01 -8.5206472E-01
0.200462207099456     1.6496694160370E+00 8.3305141E-01 3.16841747E+00  -1.61062490872 -1.3698879E+00 -9.2682067E-01  7.0029938E-01  6.8341902E+00 -9.1804987E-02 -6.8123576E-01 -7.7304074E-01
0.207254222448264     1.6072531142116E+00 8.6756279E-01 3.15677206E+00  -1.60331794414 -1.3526776E+00 -9.1947914E-01  6.9827250E-01  6.5832480E+00 -9.0920518E-02 -6.0955787E-01 -7.0047839E-01
0.214218178484231     1.5649601165084E+00 9.0245547E-01 3.14466265E+00  -1.59574930287 -1.3356001E+00 -9.1203030E-01  6.9615645E-01  6.3397228E+00 -9.0009212E-02 -5.4391531E-01 -6.3392452E-01
0.221358427906575     1.5228182545654E+00 9.3767009E-01 3.13207951E+00  -1.58791495234 -1.3186410E+00 -9.0447453E-01  6.9394868E-01  6.1033476E+00 -8.9071197E-02 -4.8388361E-01 -5.7295481E-01
0.228679433603620     1.4808556695800E+00 9.7314333E-01 3.11901319E+00  -1.57981423860 -1.3017870E+00 -8.9681232E-01  6.9164664E-01  5.8738755E+00 -8.8106660E-02 -4.2906857E-01 -5.1717523E-01
0.236185771442246     1.4391007554778E+00 1.0088080E+00 3.10545452E+00  -1.57143967069 -1.2850259E+00 -8.8904428E-01  6.8924777E-01  5.6510775E+00 -8.7115857E-02 -3.7909385E-01 -4.6620971E-01
0.243882133127954     1.3975821006751E+00 1.0445931E+00 3.09139466E+00  -1.56279329321 -1.2683464E+00 -8.8117111E-01  6.8674955E-01  5.4347414E+00 -8.6099111E-02 -3.3361562E-01 -4.1971473E-01
0.251773329137335     1.3563284244865E+00 1.0804239E+00 3.07682516E+00  -1.55387065430 -1.2517382E+00 -8.7319364E-01  6.8414947E-01  5.2246695E+00 -8.5056822E-02 -2.9230475E-01 -3.7736158E-01
0.259864291724776     1.3153685123819E+00 1.1162218E+00 3.06173795E+00  -1.54467050414 -1.2351920E+00 -8.6511282E-01  6.8144503E-01  5.0206779E+00 -8.3989454E-02 -2.5485511E-01 -3.3884456E-01
0.268160078005276     1.2747311478222E+00 1.1519051E+00 3.04612543E+00  -1.53519146242 -1.2186992E+00 -8.5692972E-01  6.7863380E-01  4.8225946E+00 -8.2897557E-02 -2.2097876E-01 -3.0387631E-01
0.276665873115312     1.2344450416821E+00 1.1873884E+00 3.02998044E+00  -1.52543256243 -1.2022519E+00 -8.4864554E-01  6.7571337E-01  4.6302588E+00 -8.1781746E-02 -1.9040538E-01 -2.7218713E-01
0.285386993453715     1.1945387593653E+00 1.2225833E+00 3.01329642E+00  -1.51539330464 -1.1858432E+00 -8.4026160E-01  6.7268138E-01  4.4435192E+00 -8.0642721E-02 -1.6288115E-01 -2.4352387E-01
0.294328890004593     1.1550406458631E+00 1.2573984E+00 2.99606730E+00  -1.50507360994 -1.1694665E+00 -8.3177937E-01  6.6953557E-01  4.2622338E+00 -7.9481254E-02 -1.3816769E-01 -2.1764895E-01
0.303497151744372     1.1159787490342E+00 1.2917398E+00 2.97828766E+00  -1.49447390839 -1.1531164E+00 -8.2320045E-01  6.6627371E-01  4.0862683E+00 -7.8298202E-02 -1.1604125E-01 -1.9433945E-01
0.312897509135094     1.0773807414098E+00 1.3255108E+00 2.95995271E+00  -1.48359507387 -1.1367877E+00 -8.1452657E-01  6.6289369E-01  3.9154955E+00 -7.7094489E-02 -9.6291806E-02 -1.7338630E-01
0.322535837706135     1.0392738408576E+00 1.3586132E+00 2.94105835E+00  -1.47243852642 -1.1204759E+00 -8.0575960E-01  6.5939346E-01  3.7497948E+00 -7.5871128E-02 -7.8722349E-02 -1.5459348E-01
0.332418161726606     1.0016847304607E+00 1.3909464E+00 2.92160120E+00  -1.46100615058 -1.1041772E+00 -7.9690158E-01  6.5577111E-01  3.5890508E+00 -7.4629193E-02 -6.3148184E-02 -1.3777738E-01
0.342550657970716     9.6463947799298E-01 1.4224091E+00 2.90157867E+00  -1.44930040424 -1.0878884E+00 -7.8795466E-01  6.5202482E-01  3.4331536E+00 -7.3369846E-02 -4.9396295E-02 -1.2276614E-01
0.352939659578459     9.2816345539604E-01 1.4528984E+00 2.88098893E+00  -1.43732422415 -1.0716065E+00 -7.7892115E-01  6.4815292E-01  3.2819972E+00 -7.2094307E-02 -3.7304755E-02 -1.0939906E-01
0.363591660014031     8.9228125868046E-01 1.4823114E+00 2.85983104E+00  -1.42508113962 -1.0553294E+00 -7.6980352E-01  6.4415389E-01  3.1354798E+00 -7.0803875E-02 -2.6722187E-02 -9.7526062E-02
0.374513317124456     8.5701662869502E-01 1.5105449E+00 2.83810491E+00  -1.41257516392 -1.0390553E+00 -7.6060438E-01  6.4002632E-01  2.9935027E+00 -6.9499902E-02 -1.7507254E-02 -8.7007157E-02
0.385711457300957     8.2239237322063E-01 1.5374961E+00 2.81581137E+00  -1.39981091224 -1.0227829E+00 -7.5132648E-01  6.3576903E-01  2.8559702E+00 -6.8183813E-02 -9.5281931E-03 -7.7712006E-02
0.397193079745676     7.8843029085818E-01 1.5630631E+00 2.79295219E+00  -1.38679347921 -1.0065113E+00 -7.4197275E-01  6.3138098E-01  2.7227890E+00 -6.6857072E-02 -2.6623638E-03 -6.9519436E-02
0.408965360846400     7.5515109718823E-01 1.5871456E+00 2.76953015E+00  -1.37352856527 -9.9024021E-01 -7.3254625E-01  6.2686133E-01  2.5938679E+00 -6.5521210E-02  3.2041687E-03 -6.2317042E-02
0.421035658662035     7.2257435368254E-01 1.6096452E+00 2.74554897E+00  -1.36002231230 -9.7396960E-01 -7.2305018E-01  6.2220946E-01  2.4691174E+00 -6.4177785E-02  8.1770021E-03 -5.6000783E-02
0.433411517521639     6.9071839985956E-01 1.6304661E+00 2.72101349E+00  -1.34628149152 -9.5769991E-01 -7.1348792E-01  6.1742497E-01  2.3484495E+00 -6.2828406E-02  1.2353827E-02 -5.0474578E-02
0.446100672739867     6.5960028913912E-01 1.6495157E+00 2.69592951E+00  -1.33231327266 -9.4143198E-01 -7.0386297E-01  6.1250768E-01  2.2317771E+00 -6.1474696E-02  1.5824754E-02 -4.5649942E-02
0.459111055451798     6.2923572889571E-01 1.6667050E+00 2.67030400E+00  -1.31812540252 -9.2516703E-01 -6.9417901E-01  6.0745768E-01  2.1190142E+00 -6.0118318E-02  1.8672656E-02 -4.1445662E-02
0.472450797570150     5.9963902514435E-01 1.6819494E+00 2.64414495E+00  -1.30372603091 -9.0890665E-01 -6.8443983E-01  6.0227531E-01  2.0100753E+00 -5.8760928E-02  2.0973519E-02 -3.7787409E-02
0.486128236867993     5.7082303230455E-01 1.6951692E+00 2.61746150E+00  -1.28912382118 -8.9265277E-01 -6.7464939E-01  5.9696117E-01  1.9048755E+00 -5.7404206E-02  2.2796767E-02 -3.4607439E-02
0.500151922190127     5.4279910845569E-01 1.7062901E+00 2.59026386E+00  -1.27432779681 -8.7640770E-01 -6.6481178E-01  5.9151616E-01  1.8033301E+00 -5.6049809E-02  2.4205574E-02 -3.1844235E-02
0.514530618796387     5.1557707646869E-01 1.7152440E+00 2.56256344E+00  -1.25934744470 -8.6017403E-01 -6.5493123E-01  5.8594146E-01  1.7053547E+00 -5.4699397E-02  2.5257181E-02 -2.9442216E-02
0.529273313840219     4.8916519136516E-01 1.7219693E+00 2.53437269E+00  -1.24419255268 -8.4395471E-01 -6.4501211E-01  5.8023858E-01  1.6108647E+00 -5.3354591E-02  2.6003206E-02 -2.7351384E-02
0.544389221985940     4.6357011422013E-01 1.7264115E+00 2.50570525E+00  -1.22887330686 -8.2775298E-01 -6.3505889E-01  5.7440932E-01  1.5197756E+00 -5.2016992E-02  2.6489939E-02 -2.5527053E-02
0.559887791168206     4.3879689287733E-01 1.7285240E+00 2.47657580E+00  -1.21340013242 -8.1157235E-01 -6.2507620E-01  5.6845581E-01  1.4320029E+00 -5.0688145E-02  2.6758648E-02 -2.3929498E-02
0.575778708497278     4.1484894970365E-01 1.7282679E+00 2.44700020E+00  -1.19778377447 -7.9541666E-01 -6.1506877E-01  5.6238049E-01  1.3474618E+00 -4.9369557E-02  2.6845874E-02 -2.2523683E-02
0.592071906313778     3.9172807655646E-01 1.7256133E+00 2.41699533E+00  -1.18203515051 -7.7928997E-01 -6.0504144E-01  5.5618618E-01  1.2660672E+00 -4.8062657E-02  2.6783725E-02 -2.1278932E-02
0.608777568396733     3.6943443708404E-01 1.7205390E+00 2.38657917E+00  -1.16616541156 -7.6319663E-01 -5.9499918E-01  5.4987598E-01  1.1877342E+00 -4.6768818E-02  2.6600176E-02 -2.0168642E-02
0.625906136328757     3.4796657642581E-01 1.7130333E+00 2.35577072E+00  -1.15018580872 -7.4714121E-01 -5.8494702E-01  5.4345336E-01  1.1123774E+00 -4.5489320E-02  2.6319350E-02 -1.9169970E-02
0.643468316022391     3.2732143831597E-01 1.7030941E+00 2.32458998E+00  -1.13410774168 -7.3112855E-01 -5.7489012E-01  5.3692213E-01  1.0399113E+00 -4.4225367E-02  2.5961817E-02 -1.8263550E-02
0.661475084411641     3.0749438953931E-01 1.6907292E+00 2.29305792E+00  -1.11794263319 -7.1516367E-01 -5.6483370E-01  5.3028642E-01  9.7025069E-01 -4.2978059E-02  2.5544877E-02 -1.7433182E-02
0.679937696312921     2.8847925162526E-01 1.6759563E+00 2.26119645E+00  -1.10170193453 -6.9925184E-01 -5.5478306E-01  5.2355071E-01  9.0330997E-01 -4.1748404E-02  2.5082883E-02 -1.6665521E-02
0.698867691459677     2.7026833961396E-01 1.6588036E+00 2.22902831E+00  -1.08539721490 -6.8339850E-01 -5.4474356E-01  5.1671979E-01  8.3900386E-01 -4.0537293E-02  2.4587322E-02 -1.5949971E-02
0.718276901715101     2.5285250760742E-01 1.6393094E+00 2.19657713E+00  -1.06903963032 -6.6760929E-01 -5.3472065E-01  5.0979877E-01  7.7724725E-01 -3.9345516E-02  2.4067651E-02 -1.5277864E-02
0.738177458467424     2.3622120097903E-01 1.6175224E+00 2.16386726E+00  -1.05264072211 -6.5189004E-01 -5.2471977E-01  5.0279307E-01  7.1795538E-01 -3.8173742E-02  2.3530690E-02 -1.4643052E-02
0.758581800212436     2.2036251462594E-01 1.5935013E+00 2.13092378E+00  -1.03621155719 -6.3624674E-01 -5.1474645E-01  4.9570841E-01  6.6104395E-01 -3.7022532E-02  2.2981757E-02 -1.4040775E-02
0.779502680327944     2.0526325713576E-01 1.5673151E+00 2.09777239E+00  -1.01976318113 -6.2068555E-01 -5.0480620E-01  4.8855077E-01  6.0642933E-01 -3.5892323E-02  2.2424462E-02 -1.3467861E-02
0.800953175045054     1.9090902026572E-01 1.5390423E+00 2.06443938E+00  -1.00330644095 -6.0521277E-01 -4.9490458E-01  4.8132640E-01  5.5402847E-01 -3.4783443E-02  2.1860919E-02 -1.2922525E-02
0.822946691621235     1.7728425329772E-01 1.5087714E+00 2.03095156E+00  -0.98685196115 -5.8983486E-01 -4.8504713E-01  4.7404178E-01  5.0375953E-01 -3.3696105E-02  2.1292422E-02 -1.2403684E-02
0.845496976720299     1.6437234174071E-01 1.4765995E+00 1.99733611E+00  -0.97041014869 -5.7455839E-01 -4.7523939E-01  4.6670361E-01  4.5554156E-01 -3.2630414E-02  2.0719224E-02 -1.1911190E-02
0.868618125004506     1.5215568981850E-01 1.4426329E+00 1.96362061E+00  -0.95399115148 -5.5939009E-01 -4.6548685E-01  4.5931878E-01  4.0929497E-01 -3.1586370E-02  2.0141015E-02 -1.1445355E-02
0.892324587944191     1.4061580616819E-01 1.4069858E+00 1.92983287E+00  -0.93760485347 -5.4433678E-01 -4.5579499E-01  4.5189434E-01  3.6494156E-01 -3.0563878E-02  1.9557078E-02 -1.1006800E-02
0.916631182850401     1.2973339214282E-01 1.3697802E+00 1.89600088E+00  -0.92126081525 -5.2940541E-01 -4.4616924E-01  4.4443747E-01  3.2240484E-01 -2.9562753E-02  1.8966639E-02 -1.0596114E-02
0.941553102136201     1.1948843211714E-01 1.3311450E+00 1.86215273E+00  -0.90496859249 -5.1460302E-01 -4.3661495E-01  4.3695545E-01  2.8160987E-01 -2.8582730E-02  1.8368408E-02 -1.0214322E-02
0.967105922812421     1.0986028510230E-01 1.2912153E+00 1.82831651E+00  -0.88873678070 -4.9993677E-01 -4.2713740E-01  4.2945565E-01  2.4248379E-01 -2.7623475E-02  1.7762096E-02 -9.8613792E-03
0.993305616223799     1.0082777727431E-01 1.2501319E+00 1.79452021E+00  -0.87257457454 -4.8541388E-01 -4.1774177E-01  4.2194546E-01  2.0495611E-01 -2.6684592E-02  1.7147123E-02 -9.5374692E-03
 1.02016855803159     9.2369294429493E-02 1.2080401E+00 1.76079169E+00  -0.85649022074 -4.7104168E-01 -4.0843313E-01  4.1443228E-01  1.6895806E-01 -2.5765643E-02  1.6523556E-02 -9.2420862E-03
 1.04771153844888     8.4462874146014E-02 1.1650892E+00 1.72715848E+00  -0.84049194925 -4.5682757E-01 -3.9921644E-01  4.0692347E-01  1.3442359E-01 -2.4866146E-02  1.5892123E-02 -8.9740227E-03
 1.07595177273504     7.7086296843296E-02 1.1214313E+00 1.69364783E+00  -0.82458769795 -4.4277898E-01 -3.9009651E-01  3.9942635E-01  1.0128898E-01 -2.3985607E-02  1.5254110E-02 -8.7314973E-03
 1.10490691195580     7.0217175262012E-02 1.0772205E+00 1.66028649E+00  -0.80878510039 -4.2890344E-01 -3.8107801E-01  3.9194811E-01  6.9493436E-02 -2.3123510E-02  1.4611959E-02 -8.5115503E-03
 1.13459505401572     6.3833041827670E-02 1.0326120E+00 1.62710074E+00  -0.79309159268 -4.1520848E-01 -3.7216543E-01  3.8449583E-01  3.8978674E-02 -2.2279351E-02  1.3968747E-02 -8.3106037E-03
 1.16503475497005     5.7911433403057E-02 9.8776115E-01 1.59411621E+00  -0.77751432868 -4.0170168E-01 -3.6336307E-01  3.7707642E-01  9.6888647E-03 -2.1452629E-02  1.3328140E-02 -8.1244885E-03
 1.19624504062275     5.2429972974301E-02 9.4282220E-01 1.56135790E+00  -0.76206025686 -3.8839063E-01 -3.5467505E-01  3.6969660E-01 -1.8428577E-02 -2.0642878E-02  1.2695182E-02 -7.9476955E-03
 1.22824541841836     4.7366447859366E-02 8.9794758E-01 1.52884998E+00  -0.74673610268 -3.7528288E-01 -3.4610529E-01  3.6236284E-01 -4.5423544E-02 -1.9849655E-02  1.2075638E-02 -7.7740167E-03
 1.26105588963469     4.2698884051192E-02 8.5328686E-01 1.49661585E+00  -0.73154840407 -3.6238599E-01 -3.3765744E-01  3.5508139E-01 -7.1343073E-02 -1.9072572E-02  1.1476216E-02 -7.5963561E-03
 1.29469696188433     3.8405616377888E-02 8.0898573E-01 1.46467795E+00  -0.71650346406 -3.4970741E-01 -3.2933496E-01  3.4785821E-01 -9.6231337E-02 -1.8311281E-02  1.0904498E-02 -7.4067830E-03
 1.32918966193253     3.4465354182864E-02 7.6518513E-01 1.43305782E+00  -0.70160744982 -3.3725455E-01 -3.2114104E-01  3.4069895E-01 -1.2012986E-01 -1.7565503E-02  1.0368723E-02 -7.1967805E-03
 1.36455554883967     3.0857242285134E-02 7.2202031E-01 1.40177591E+00  -0.68686628631 -3.2503465E-01 -3.1307860E-01  3.3360897E-01 -1.4307733E-01 -1.6835009E-02  9.8779712E-03 -6.9570380E-03
 1.40081672743632     2.7560917019950E-02 6.7962002E-01 1.37085165E+00  -0.67228577226 -3.1305483E-01 -3.0515030E-01  3.2659327E-01 -1.6510975E-01 -1.6119646E-02  9.4419879E-03 -6.6776585E-03
 1.43799586213950     2.4556557204592E-02 6.3810569E-01 1.34030329E+00  -0.65787147567 -3.0132195E-01 -2.9735852E-01  3.1965651E-01 -1.8626063E-01 -1.5419316E-02  9.0709794E-03 -6.3483370E-03
 1.47611619111868     2.1824929915283E-02 5.9759067E-01 1.31014798E+00  -0.64362881749 -2.8984266E-01 -2.8970534E-01  3.1280299E-01 -2.0656115E-01 -1.4734002E-02  8.7755009E-03 -5.9585015E-03
 1.51520154082040     1.9347431007111E-02 5.5817962E-01 1.28040160E+00  -0.62956303776 -2.7862329E-01 -2.8219256E-01  3.0603666E-01 -2.2604008E-01 -1.4063735E-02  8.5664406E-03 -5.4972946E-03
 1.55527634086056     1.7106120341879E-02 5.1996788E-01 1.25107887E+00  -0.61567818289 -2.6766980E-01 -2.7482169E-01  2.9936110E-01 -2.4472425E-01 -1.3408620E-02  8.4557072E-03 -4.9529133E-03
 1.59636563929373     1.5083751798635E-02 4.8304099E-01 1.22219322E+00  -0.60198324360 -2.5698773E-01 -2.6759391E-01  2.9277950E-01 -2.6263849E-01 -1.2768807E-02  8.4500528E-03 -4.3187541E-03
 1.63849511826900     1.3263797653506E-02 4.4747426E-01 1.19375683E+00  -0.58847473786 -2.4658214E-01 -2.6051014E-01  2.8629471E-01 -2.7980588E-01 -1.2144501E-02  8.5683327E-03 -3.5761680E-03
 1.68169111008216     1.1630468777954E-02 4.1333249E-01 1.16578062E+00  -0.57516503209 -2.3645754E-01 -2.5357098E-01  2.7990921E-01 -2.9624800E-01 -1.1535941E-02  8.8129183E-03 -2.7230224E-03
 1.72598061363425     1.0168728483482E-02 3.8066973E-01 1.13827424E+00  -0.56205402850 -2.2661782E-01 -2.4677675E-01  2.7362515E-01 -3.1198503E-01 -1.0943408E-02  9.1979928E-03 -1.7454156E-03
 1.77139131130672     8.8643024360945E-03 3.4952919E-01 1.11124606E+00  -0.54914644409 -2.1706622E-01 -2.4012748E-01  2.6744432E-01 -3.2703603E-01 -1.0367198E-02  9.7319619E-03 -6.3523581E-04
 1.81795158626387     7.7036834501857E-03 3.1994323E-01 1.08470324E+00  -0.53644582467 -2.0780523E-01 -2.3362295E-01  2.6136818E-01 -3.4141907E-01 -9.8076253E-03  1.0423409E-02  6.1578393E-04
 1.86569054019320     6.6741318082760E-03 2.9193345E-01 1.05865166E+00  -0.52395416643 -1.9883655E-01 -2.2726266E-01  2.5539791E-01 -3.5515149E-01 -9.2650026E-03  1.1281235E-02  2.0162328E-03
 1.91463801149497     5.7636713163846E-03 2.6551094E-01 1.03309603E+00  -0.51167842247 -1.9016107E-01 -2.2104589E-01  2.4953436E-01 -3.6825000E-01 -8.7396440E-03  1.2308108E-02  3.5684641E-03
 1.96482459393211     4.9610810702255E-03 2.4067654E-01 1.00803989E+00  -0.49961519981 -1.8177878E-01 -2.1497168E-01  2.4377814E-01 -3.8073094E-01 -8.2318349E-03  1.3515565E-02  5.2837298E-03
 2.01628165575236     4.2558838839126E-03 2.1742127E-01 9.83485630E-01  -0.48777052035 -1.7368879E-01 -2.0903889E-01  2.3812956E-01 -3.9261032E-01 -7.7418464E-03  1.4904258E-02  7.1624115E-03
 2.06904135929442     3.6383307578884E-03 1.9572684E-01 9.59434545E-01  -0.47614517599 -1.6588928E-01 -2.0324617E-01  2.3258873E-01 -4.0390405E-01 -7.2699072E-03  1.6478459E-02  9.2085519E-03
 2.12313668109048     3.0993823636330E-03 1.7556621E-01 9.35886895E-01  -0.46474050258 -1.5837754E-01 -1.9759205E-01  2.2715551E-01 -4.1462805E-01 -6.8162106E-03  1.8240246E-02  1.1424035E-02
 2.17860143247761     2.6306876069586E-03 1.5690425E-01 9.12841932E-01  -0.45355780793 -1.5114992E-01 -1.9207490E-01  2.2182959E-01 -4.2479828E-01 -6.3808975E-03  2.0190074E-02  1.3809177E-02
 2.23547028073097     2.2245596229652E-03 1.3969849E-01 8.90297968E-01  -0.44259721125 -1.4420194E-01 -1.8669300E-01  2.1661044E-01 -4.3443088E-01 -5.9640558E-03  2.2327921E-02  1.6363865E-02
 2.29377877073194     1.8739495712502E-03 1.2389986E-01 8.68252426E-01  -0.43185938428 -1.3752827E-01 -1.8144455E-01  2.1149739E-01 -4.4354251E-01 -5.5657148E-03  2.4651241E-02  1.9085527E-02
 2.35356334718489     1.5724185263687E-03 1.0945354E-01 8.46701902E-01  -0.42134376664 -1.3112281E-01 -1.7632768E-01  2.0648963E-01 -4.5214920E-01 -5.1858417E-03  2.7158009E-02  2.1972167E-02
 2.41486137739624     1.3141078486866E-03 9.6299778E-02 8.25642222E-01  -0.41105115486 -1.2497879E-01 -1.7134051E-01  2.0158621E-01 -4.6026786E-01 -4.8243417E-03  2.9842698E-02  2.5018357E-02
 2.47771117463031     1.0937083307151E-03 8.4374797E-02 8.05068503E-01  -0.40097792893 -1.1908886E-01 -1.6648112E-01  1.9678607E-01 -4.6791547E-01 -4.4810525E-03  3.2702896E-02  2.8221843E-02
 2.54215202205629     9.0642854190961E-04 7.3611636E-02 7.84975224E-01  -0.39112543586 -1.1344514E-01 -1.6174763E-01  1.9208805E-01 -4.7510912E-01 -4.1557544E-03  3.5730038E-02  3.1574283E-02
 2.60822419730156     7.4796255062177E-04 6.3941020E-02 7.65356271E-01  -0.38149099909 -1.0803938E-01 -1.5713817E-01  1.8749091E-01 -4.8186599E-01 -3.8481617E-03  3.8918410E-02  3.5070248E-02
 2.67596899762648     6.1445747808203E-04 5.5292198E-02 7.46205020E-01  -0.37207318182 -1.0286307E-01 -1.5265090E-01  1.8299332E-01 -4.8820318E-01 -3.5579337E-03  4.2260224E-02  3.8702291E-02
 2.74542876573652     5.0248110306346E-04 4.7593754E-02 7.27514374E-01  -0.36286931490 -9.7907523E-02 -1.4828405E-01  1.7859392E-01 -4.9413725E-01 -3.2846705E-03  4.5748529E-02  4.2463858E-02
 2.81664691624786     4.0898982369100E-04 4.0774363E-02 7.09276850E-01  -0.35387737168 -9.3164022E-02 -1.4403589E-01  1.7429129E-01 -4.9968545E-01 -3.0279263E-03  4.9374250E-02  4.6346324E-02
 2.88966796282293     3.3129721560055E-04 3.4763503E-02 6.91484601E-01  -0.34509441944 -8.8623913E-02 -1.3990475E-01  1.7008394E-01 -5.0486751E-01 -2.7872053E-03  5.3126008E-02  5.0338803E-02
 2.96453754599287     2.6704343209097E-04 2.9492098E-02 6.74129512E-01  -0.33651740399 -8.4278704E-02 -1.3588903E-01  1.6597040E-01 -5.0969645E-01 -2.5619769E-03  5.6998550E-02  5.4436573E-02
 3.04130246168436     2.1416564468249E-04 2.4893095E-02 6.57203208E-01  -0.32814437744 -8.0120153E-02 -1.3198717E-01  1.6194913E-01 -5.1418779E-01 -2.3516722E-03  6.0982429E-02  5.8630757E-02
 3.12001069046864     1.7086969915481E-04 2.0901963E-02 6.40697146E-01  -0.31997015376 -7.6140351E-02 -1.2819767E-01  1.5801859E-01 -5.1835622E-01 -2.1556964E-03  6.5071707E-02  6.2916010E-02
 3.20071142755085     1.3560315413019E-04 1.7457124E-02 6.24602624E-01  -0.31199299921 -7.2331768E-02 -1.2451903E-01  1.5417722E-01 -5.2221554E-01 -1.9734310E-03  6.9257381E-02  6.7283950E-02
 3.28345511351871     1.0702979454294E-04 1.4500291E-02 6.08910855E-01  -0.30420830874 -6.8687300E-02 -1.2094981E-01  1.5042347E-01 -5.2577850E-01 -1.8042447E-03  7.3533957E-02  7.1729712E-02
 3.36829346586948     8.4005736550242E-05 1.1976741E-02 5.93612978E-01  -0.29661317347 -6.5200298E-02 -1.1748855E-01  1.4675575E-01 -5.2905669E-01 -1.6474922E-03  7.7895002E-02  7.6247510E-02
 3.45527951133510     6.5557171138221E-05 9.8354999E-03 5.78700122E-01  -0.28920348804 -6.1864574E-02 -1.1413382E-01  1.4317250E-01 -5.3206038E-01 -1.5025276E-03  8.2336256E-02  8.0833728E-02
 3.54446761902563     5.0859790553328E-05 8.0294622E-03 5.64163410E-01  -0.28197565310 -5.8674399E-02 -1.1088411E-01  1.3967215E-01 -5.3479848E-01 -1.3687014E-03  8.6854021E-02  8.5485319E-02
 3.63591353441169     3.9219903411473E-05 6.5154359E-03 5.49994018E-01  -0.27492582508 -5.5624479E-02 -1.0773792E-01  1.3625313E-01 -5.3727840E-01 -1.2453733E-03  9.1446082E-02  9.0200709E-02
 3.72967441416722     3.0057226811875E-05 5.2541276E-03 5.36183170E-01  -0.26805038073 -5.2709931E-02 -1.0469365E-01  1.3291388E-01 -5.3950601E-01 -1.1319088E-03  9.6111315E-02  9.4979406E-02
 3.82580886189423     2.2889320201280E-05 4.2100698E-03 5.22722191E-01  -0.26134500281 -4.9926243E-02 -1.0174965E-01  1.2965286E-01 -5.4148558E-01 -1.0276893E-03  1.0085072E-01  9.9823029E-02
 3.92437696475201     1.7317608547258E-05 3.3515000E-03 5.09602499E-01  -0.25480644056 -4.7269223E-02 -9.8904191E-02  1.2646851E-01 -5.4321971E-01 -9.3211107E-04  1.0566569E-01  1.0473358E-01
 4.02544033101349     1.3014924432194E-05 2.6501979E-03 4.96815644E-01  -0.24843063705 -4.4734957E-02 -9.6155429E-02  1.2335932E-01 -5.4470937E-01 -8.4459181E-04  1.1055996E-01  1.0971537E-01
 4.12906212857248     9.7144887898973E-06 2.0812903E-03 4.84353303E-01  -0.24221364907 -4.2319752E-02 -9.3501424E-02  1.2032376E-01 -5.4595384E-01 -7.6456766E-04  1.1553870E-01  1.1477413E-01
 4.23530712442564     7.2002375789205E-06 1.6230299E-03 4.72207310E-01  -0.23615330219 -4.0020090E-02 -9.0940131E-02  1.1736032E-01 -5.4695077E-01 -6.9150259E-04  1.2060684E-01  1.1991534E-01
 4.34424172515394     5.2983953105861E-06 1.2565570E-03 4.60369647E-01  -0.23024275121 -3.7832581E-02 -8.8469386E-02  1.1446754E-01 -5.4769624E-01 -6.2487637E-04  1.2577549E-01  1.2515062E-01
 4.45593401842896     3.8701937117796E-06 9.6565072E-04 4.48832467E-01  -0.22448118722 -3.5753909E-02 -8.6086900E-02  1.1164391E-01 -5.4818469E-01 -5.6420315E-04  1.3105128E-01  1.3048708E-01
 4.57045381556988     2.8056274899587E-06 7.3647587E-04 4.37588085E-01  -0.21886416286 -3.3780801E-02 -8.3790290E-02  1.0888800E-01 -5.4840911E-01 -5.0902033E-04  1.3644588E-01  1.3593686E-01
 4.68787269517786     2.0181449951289E-06 5.5733183E-04 4.26628996E-01  -0.21338813041 -3.1909995E-02 -8.1577060E-02  1.0619836E-01 -5.4836104E-01 -4.5889141E-04  1.4197146E-01  1.4151256E-01
 4.80826404787496     1.4401700067981E-06 4.1840825E-04 4.15947862E-01  -0.20804970711 -3.0138211E-02 -7.9444616E-02  1.0357356E-01 -5.4803069E-01 -4.1340657E-04  1.4764131E-01  1.4722790E-01
 4.93170312217568     1.0193563384332E-06 3.1155143E-04 4.05537526E-01  -0.20284551017 -2.8462130E-02 -7.7390274E-02  1.0101220E-01 -5.4740699E-01 -3.7218079E-04  1.5346999E-01  1.5309780E-01
 5.05826707151976     7.1548210855331E-07 2.3004466E-04 3.95391005E-01  -0.19777222119 -2.6878384E-02 -7.5411273E-02  9.8512896E-02 -5.4647774E-01 -3.3485521E-04  1.5947309E-01  1.5913823E-01
 5.18803500249552     4.9789682783459E-07 1.6840501E-04 3.85501491E-01  -0.19282662252 -2.5383548E-02 -7.3504792E-02  9.6074277E-02 -5.4522966E-01 -3.0109584E-04  1.6566718E-01  1.6536608E-01
 5.32108802428414     3.4344151309125E-07 1.2219784E-04 3.75862346E-01  -0.18800555914 -2.3974140E-02 -7.1667957E-02  9.3694995E-02 -5.4364850E-01 -2.7059096E-04  1.7206969E-01  1.7179910E-01
 5.45750929935549     2.3476951134358E-07 8.7869980E-05 3.66467106E-01  -0.18330587623 -2.2646625E-02 -6.9897866E-02  9.1373724E-02 -5.4171916E-01 -2.4305277E-04  1.7869891E-01  1.7845586E-01
 5.59738409544735     1.5900334542378E-07 6.2601731E-05 3.57309473E-01  -0.17872458575 -2.1397424E-02 -6.8191595E-02  8.9109154E-02 -5.3942579E-01 -2.1821459E-04  1.8557371E-01  1.8535549E-01
 5.74079983886061     1.0667045703098E-07 4.4177265E-05 3.48383314E-01  -0.17425869857 -2.0222927E-02 -6.6546224E-02  8.6899998E-02 -5.3675189E-01 -1.9583074E-04  1.9271359E-01  1.9251776E-01
 5.88784616910349     7.0868048065182E-08 3.0872603E-05 3.39682657E-01  -0.16990530739 -1.9119508E-02 -6.4958846E-02  8.4744991E-02 -5.3368039E-01 -1.7567367E-04  2.0013855E-01  1.9996287E-01
 6.03861499491913     4.6614138241508E-08 2.1360047E-05 3.31201689E-01  -0.16566158190 -1.8083541E-02 -6.3426586E-02  8.2642886E-02 -5.3019380E-01 -1.5753647E-04  2.0786891E-01  2.0771137E-01
 6.19320055173162     3.0348376677602E-08 1.4627686E-05 3.22934747E-01  -0.16152475227 -1.7111421E-02 -6.1946615E-02  8.0592459E-02 -5.2627429E-01 -1.4122833E-04  2.1592528E-01  2.1578405E-01
 6.35169946054616     1.9551985015043E-08 9.9124407E-06 3.14876323E-01  -0.15749211836 -1.6199581E-02 -6.0516166E-02  7.8592506E-02 -5.2190381E-01 -1.2657462E-04  2.2432841E-01  2.2420184E-01
 6.51421078834033     1.2461431919636E-08 6.6450986E-06 3.07021052E-01  -0.15356105782 -1.5344509E-02 -5.9132542E-02  7.6641847E-02 -5.1706420E-01 -1.1341572E-04  2.3309909E-01  2.3298568E-01
 6.68083610998419     7.8550317860738E-09 4.4057459E-06 2.99363713E-01  -0.14972900992 -1.4542770E-02 -5.7793134E-02  7.4739322E-02 -5.1173737E-01 -1.0160592E-04  2.4225799E-01  2.4215638E-01
 6.85167957172789     4.8956352966903E-09 2.8881052E-06 2.91899222E-01  -0.14599349687 -1.3791020E-02 -5.6495424E-02  7.2883793E-02 -5.0590537E-01 -9.1012769E-05  2.5182550E-01  2.5173449E-01
 7.02684795629644     3.0159658681617E-09 1.8713602E-06 2.84622632E-01  -0.14235211144 -1.3086020E-02 -5.5236999E-02  7.1074143E-02 -4.9955064E-01 -8.1515520E-05  2.6182162E-01  2.6174010E-01
 7.20645074963241     1.8359973046968E-09 1.1981874E-06 2.77529126E-01  -0.13880252509 -1.2424654E-02 -5.4015555E-02  6.9309277E-02 -4.9265616E-01 -7.3004745E-05  2.7226569E-01  2.7219268E-01
 7.39060020932821     1.1041159472782E-09 7.5785124E-07 2.70614014E-01  -0.13534249239 -1.1803933E-02 -5.2828903E-02  6.7588122E-02 -4.8520570E-01 -6.5381057E-05  2.8317619E-01  2.8311081E-01
 7.57941143479072     6.5572209958633E-10 4.7336991E-07 2.63872730E-01  -0.13196981928 -1.1221011E-02 -5.1674971E-02  6.5909628E-02 -4.7718404E-01 -5.8554442E-05  2.9457052E-01  2.9451197E-01
 7.77300243918217     3.8445855677246E-10 2.9190195E-07 2.57300832E-01  -0.12868240838 -1.0673190E-02 -5.0551810E-02  6.4272765E-02 -4.6857733E-01 -5.2443444E-05  3.0646464E-01  3.0641219E-01
 7.97149422318224     2.2246536659876E-10 1.7764449E-07 2.50893991E-01  -0.12547819256 -1.0157921E-02 -4.9457590E-02  6.2676523E-02 -4.5937343E-01 -4.6974378E-05  3.1887275E-01  3.1882578E-01
 8.17501085061738     1.2700285180470E-10 1.0665962E-07 2.44647993E-01  -0.12235514150 -9.6728128E-03 -4.8390604E-02  6.1119918E-02 -4.4956232E-01 -4.2080605E-05  3.3180692E-01  3.3176484E-01
 8.38367952600476     7.1507905393370E-11 6.3158711E-08 2.38558737E-01  -0.11931123568 -9.2156278E-03 -4.7349263E-02  5.9601982E-02 -4.3913654E-01 -3.7701926E-05  3.4527660E-01  3.4523890E-01
 8.59763067405925     3.9694624889955E-11 3.6872207E-08 2.32622228E-01  -0.11634441947 -8.7842837E-03 -4.6332094E-02  5.8121772E-02 -4.2809173E-01 -3.3784477E-05  3.5928822E-01  3.5925444E-01
 8.81699802121308     2.1716510013945E-11 2.1214919E-08 2.26834575E-01  -0.11345250173 -8.3768498E-03 -4.5337734E-02  5.6678366E-02 -4.1642738E-01 -3.0278172E-05  3.7384449E-01  3.7381421E-01
 9.04191867919923     1.1704924701197E-11 1.2025404E-08 2.21191991E-01  -0.11063324837 -7.9915432E-03 -4.4364930E-02  5.5270859E-02 -4.0414512E-01 -2.7139213E-05  3.8894601E-01  3.8891887E-01
 9.27253323075074     6.2130215937684E-12 6.7128899E-09 2.15690788E-01  -0.10788393639 -7.6330967E-03 -4.3412525E-02  5.3898370E-02 -3.9119487E-01 -2.4327385E-05  4.0464557E-01  4.0462124E-01
 9.50898581746945     3.2465629024443E-12 3.6889442E-09 2.10327372E-01  -0.10520028844 -7.2017127E-03 -4.2479440E-02  5.2559568E-02 -3.7777760E-01 -2.2275050E-05  4.2074649E-01  4.2072421E-01
 9.75142422991927     1.6693911747023E-12 1.9948217E-09 2.05098245E-01  -0.10396149669 -7.0400664E-03 -4.2163801E-02  5.1254534E-02 -3.6372637E-01 -2.0027704E-05  4.3603651E-01  4.3601649E-01
 10.0000000000000     8.4435223173337E-13 1.0610443E-09 2.00000000E-01  -0.08211994380 -7.3457768E-03 -3.7919719E-02  4.9982475E-02 -3.4913536E-01 -1.7524903E-05  4.7246907E-01  4.7245155E-01
